; MSControl_Server Game File									
; Apr 6th									
; Andrew Stokes									
;									
;	Profit	W.cost	J.cost	D.cost					
COSTS	3	1	2	5					
;									
;	W.na	W.eu	W.ap	J.na	J.eu	J.ap	D.na	D.eu	D.ap
CONFIG	2	2	2	1	1	1	0	1	0
;									
;	DAY	HH	MM	SS	DMA.na	DMD.eu	DMD.ap		
DEMAND	0	0	0	0	176	248	621		
DEMAND	0	0	0	30	176	245	595		
DEMAND	0	0	1	0	164	249	593		
DEMAND	0	0	1	30	165	235	617		
DEMAND	0	0	2	0	171	242	616		
DEMAND	0	0	2	30	176	232	594		
DEMAND	0	0	3	0	175	239	608		
DEMAND	0	0	3	30	181	247	593		
DEMAND	0	0	4	0	177	236	612		
DEMAND	0	0	4	30	182	254	599		
DEMAND	0	0	5	0	162	256	569		
DEMAND	0	0	5	30	174	249	586		
DEMAND	0	0	6	0	174	252	577		
DEMAND	0	0	6	30	175	260	579		
DEMAND	0	0	7	0	170	263	602		
DEMAND	0	0	7	30	180	252	596		
DEMAND	0	0	8	0	175	250	583		
DEMAND	0	0	8	30	165	247	578		
DEMAND	0	0	9	0	178	263	600		
DEMAND	0	0	9	30	177	267	578		
DEMAND	0	0	10	0	166	267	586		
DEMAND	0	0	10	30	175	261	599		
DEMAND	0	0	11	0	161	266	585		
DEMAND	0	0	11	30	168	263	604		
DEMAND	0	0	12	0	168	273	575		
DEMAND	0	0	12	30	174	277	577		
DEMAND	0	0	13	0	179	260	576		
DEMAND	0	0	13	30	171	269	580		
DEMAND	0	0	14	0	173	292	602		
DEMAND	0	0	14	30	175	260	578		
DEMAND	0	0	15	0	173	252	591		
DEMAND	0	0	15	30	176	277	579		
DEMAND	0	0	16	0	167	273	560		
DEMAND	0	0	16	30	170	262	558		
DEMAND	0	0	17	0	171	287	583		
DEMAND	0	0	17	30	169	289	545		
DEMAND	0	0	18	0	169	258	557		
DEMAND	0	0	18	30	170	260	545		
DEMAND	0	0	19	0	160	303	579		
DEMAND	0	0	19	30	163	300	569		
DEMAND	0	0	20	0	166	273	553		
DEMAND	0	0	20	30	171	271	557		
DEMAND	0	0	21	0	169	283	546		
DEMAND	0	0	21	30	158	262	568		
DEMAND	0	0	22	0	167	286	547		
DEMAND	0	0	22	30	162	274	567		
DEMAND	0	0	23	0	169	280	558		
DEMAND	0	0	23	30	167	288	554		
DEMAND	0	0	24	0	158	271	569		
DEMAND	0	0	24	30	166	268	546		
DEMAND	0	0	25	0	159	308	540		
DEMAND	0	0	25	30	166	286	551		
DEMAND	0	0	26	0	164	277	536		
DEMAND	0	0	26	30	161	307	534		
DEMAND	0	0	27	0	158	284	539		
DEMAND	0	0	27	30	157	302	526		
DEMAND	0	0	28	0	159	304	530		
DEMAND	0	0	28	30	165	308	564		
DEMAND	0	0	29	0	156	304	549		
DEMAND	0	0	29	30	163	308	554		
DEMAND	0	0	30	0	163	314	546		
DEMAND	0	0	30	30	162	313	532		
DEMAND	0	0	31	0	160	302	532		
DEMAND	0	0	31	30	159	319	545		
DEMAND	0	0	32	0	157	311	533		
DEMAND	0	0	32	30	155	287	554		
DEMAND	0	0	33	0	156	330	530		
DEMAND	0	0	33	30	156	319	539		
DEMAND	0	0	34	0	160	332	519		
DEMAND	0	0	34	30	161	288	526		
DEMAND	0	0	35	0	159	321	529		
DEMAND	0	0	35	30	159	310	548		
DEMAND	0	0	36	0	159	338	552		
DEMAND	0	0	36	30	152	330	522		
DEMAND	0	0	37	0	155	329	518		
DEMAND	0	0	37	30	152	322	539		
DEMAND	0	0	38	0	155	328	519		
DEMAND	0	0	38	30	150	312	538		
DEMAND	0	0	39	0	157	344	515		
DEMAND	0	0	39	30	151	303	524		
DEMAND	0	0	40	0	151	325	522		
DEMAND	0	0	40	30	152	329	545		
DEMAND	0	0	41	0	148	307	526		
DEMAND	0	0	41	30	153	316	525		
DEMAND	0	0	42	0	149	349	508		
DEMAND	0	0	42	30	150	354	524		
DEMAND	0	0	43	0	151	357	528		
DEMAND	0	0	43	30	152	339	535		
DEMAND	0	0	44	0	153	326	514		
DEMAND	0	0	44	30	147	348	513		
DEMAND	0	0	45	0	150	356	508		
DEMAND	0	0	45	30	152	360	527		
DEMAND	0	0	46	0	151	332	519		
DEMAND	0	0	46	30	147	358	513		
DEMAND	0	0	47	0	148	363	509		
DEMAND	0	0	47	30	147	339	512		
DEMAND	0	0	48	0	150	352	507		
DEMAND	0	0	48	30	150	360	503		
DEMAND	0	0	49	0	147	355	508		
DEMAND	0	0	49	30	144	362	526		
DEMAND	0	0	50	0	149	359	510		
DEMAND	0	0	50	30	143	351	511		
DEMAND	0	0	51	0	147	359	519		
DEMAND	0	0	51	30	147	366	505		
DEMAND	0	0	52	0	142	382	508		
DEMAND	0	0	52	30	144	353	513		
DEMAND	0	0	53	0	146	394	511		
DEMAND	0	0	53	30	141	402	510		
DEMAND	0	0	54	0	143	349	504		
DEMAND	0	0	54	30	141	357	515		
DEMAND	0	0	55	0	142	376	496		
DEMAND	0	0	55	30	143	388	506		
DEMAND	0	0	56	0	139	382	506		
DEMAND	0	0	56	30	141	382	501		
DEMAND	0	0	57	0	140	391	501		
DEMAND	0	0	57	30	141	407	512		
DEMAND	0	0	58	0	140	387	504		
DEMAND	0	0	58	30	140	387	513		
DEMAND	0	0	59	0	140	404	496		
DEMAND	0	0	59	30	141	382	497		
DEMAND	0	1	0	0	142	391	497		
DEMAND	0	1	0	30	137	382	509		
DEMAND	0	1	1	0	140	378	512		
DEMAND	0	1	1	30	140	382	514		
DEMAND	0	1	2	0	139	417	493		
DEMAND	0	1	2	30	140	388	499		
DEMAND	0	1	3	0	139	397	488		
DEMAND	0	1	3	30	135	409	498		
DEMAND	0	1	4	0	138	416	497		
DEMAND	0	1	4	30	138	409	490		
DEMAND	0	1	5	0	137	401	500		
DEMAND	0	1	5	30	137	413	500		
DEMAND	0	1	6	0	135	409	480		
DEMAND	0	1	6	30	135	415	499		
DEMAND	0	1	7	0	137	404	500		
DEMAND	0	1	7	30	136	428	483		
DEMAND	0	1	8	0	136	431	485		
DEMAND	0	1	8	30	133	429	499		
DEMAND	0	1	9	0	135	392	482		
DEMAND	0	1	9	30	137	408	480		
DEMAND	0	1	10	0	135	419	500		
DEMAND	0	1	10	30	135	448	491		
DEMAND	0	1	11	0	135	430	482		
DEMAND	0	1	11	30	136	438	498		
DEMAND	0	1	12	0	134	421	496		
DEMAND	0	1	12	30	134	461	487		
DEMAND	0	1	13	0	133	451	497		
DEMAND	0	1	13	30	132	462	492		
DEMAND	0	1	14	0	131	410	480		
DEMAND	0	1	14	30	134	465	487		
DEMAND	0	1	15	0	131	463	485		
DEMAND	0	1	15	30	131	430	496		
DEMAND	0	1	16	0	133	425	484		
DEMAND	0	1	16	30	131	457	490		
DEMAND	0	1	17	0	131	447	477		
DEMAND	0	1	17	30	128	465	494		
DEMAND	0	1	18	0	128	457	484		
DEMAND	0	1	18	30	128	438	494		
DEMAND	0	1	19	0	127	449	489		
DEMAND	0	1	19	30	132	462	485		
DEMAND	0	1	20	0	129	469	483		
DEMAND	0	1	20	30	130	465	480		
DEMAND	0	1	21	0	129	482	481		
DEMAND	0	1	21	30	131	463	482		
DEMAND	0	1	22	0	127	471	489		
DEMAND	0	1	22	30	125	477	480		
DEMAND	0	1	23	0	127	455	475		
DEMAND	0	1	23	30	127	462	488		
DEMAND	0	1	24	0	127	472	486		
DEMAND	0	1	24	30	127	495	478		
DEMAND	0	1	25	0	122	487	484		
DEMAND	0	1	25	30	129	490	484		
DEMAND	0	1	26	0	127	456	485		
DEMAND	0	1	26	30	127	529	484		
DEMAND	0	1	27	0	126	455	485		
DEMAND	0	1	27	30	128	531	479		
DEMAND	0	1	28	0	129	496	481		
DEMAND	0	1	28	30	127	481	483		
DEMAND	0	1	29	0	124	516	482		
DEMAND	0	1	29	30	123	505	477		
DEMAND	0	1	30	0	122	541	489		
DEMAND	0	1	30	30	125	521	485		
DEMAND	0	1	31	0	119	502	480		
DEMAND	0	1	31	30	122	487	482		
DEMAND	0	1	32	0	125	528	476		
DEMAND	0	1	32	30	125	525	489		
DEMAND	0	1	33	0	127	545	477		
DEMAND	0	1	33	30	127	529	488		
DEMAND	0	1	34	0	120	508	472		
DEMAND	0	1	34	30	121	544	479		
DEMAND	0	1	35	0	126	526	484		
DEMAND	0	1	35	30	124	552	495		
DEMAND	0	1	36	0	124	554	474		
DEMAND	0	1	36	30	123	522	484		
DEMAND	0	1	37	0	120	532	474		
DEMAND	0	1	37	30	121	519	477		
DEMAND	0	1	38	0	118	510	473		
DEMAND	0	1	38	30	118	535	478		
DEMAND	0	1	39	0	116	549	473		
DEMAND	0	1	39	30	120	513	488		
DEMAND	0	1	40	0	120	569	486		
DEMAND	0	1	40	30	123	569	489		
DEMAND	0	1	41	0	114	528	471		
DEMAND	0	1	41	30	122	547	477		
DEMAND	0	1	42	0	121	559	485		
DEMAND	0	1	42	30	125	534	481		
DEMAND	0	1	43	0	121	590	494		
DEMAND	0	1	43	30	118	585	475		
DEMAND	0	1	44	0	112	519	483		
DEMAND	0	1	44	30	126	532	477		
DEMAND	0	1	45	0	121	586	488		
DEMAND	0	1	45	30	123	556	481		
DEMAND	0	1	46	0	122	565	478		
DEMAND	0	1	46	30	120	583	473		
DEMAND	0	1	47	0	122	585	488		
DEMAND	0	1	47	30	120	607	488		
DEMAND	0	1	48	0	118	565	495		
DEMAND	0	1	48	30	116	534	483		
DEMAND	0	1	49	0	111	621	466		
DEMAND	0	1	49	30	123	612	486		
DEMAND	0	1	50	0	110	578	477		
DEMAND	0	1	50	30	114	567	478		
DEMAND	0	1	51	0	119	597	487		
DEMAND	0	1	51	30	120	591	489		
DEMAND	0	1	52	0	122	570	490		
DEMAND	0	1	52	30	120	604	466		
DEMAND	0	1	53	0	120	566	485		
DEMAND	0	1	53	30	113	617	486		
DEMAND	0	1	54	0	115	619	501		
DEMAND	0	1	54	30	116	624	493		
DEMAND	0	1	55	0	116	622	480		
DEMAND	0	1	55	30	120	591	469		
DEMAND	0	1	56	0	114	630	478		
DEMAND	0	1	56	30	110	591	477		
DEMAND	0	1	57	0	115	654	480		
DEMAND	0	1	57	30	116	606	489		
DEMAND	0	1	58	0	109	625	491		
DEMAND	0	1	58	30	120	633	479		
DEMAND	0	1	59	0	119	595	493		
DEMAND	0	1	59	30	119	603	492		
DEMAND	0	2	0	0	122	636	486		
DEMAND	0	2	0	30	115	607	492		
DEMAND	0	2	1	0	109	656	492		
DEMAND	0	2	1	30	112	656	476		
DEMAND	0	2	2	0	110	606	471		
DEMAND	0	2	2	30	112	663	478		
DEMAND	0	2	3	0	114	649	471		
DEMAND	0	2	3	30	120	633	489		
DEMAND	0	2	4	0	111	629	482		
DEMAND	0	2	4	30	115	610	482		
DEMAND	0	2	5	0	117	619	482		
DEMAND	0	2	5	30	110	609	487		
DEMAND	0	2	6	0	123	680	487		
DEMAND	0	2	6	30	115	637	503		
DEMAND	0	2	7	0	114	652	488		
DEMAND	0	2	7	30	112	643	496		
DEMAND	0	2	8	0	113	644	492		
DEMAND	0	2	8	30	116	668	505		
DEMAND	0	2	9	0	110	653	485		
DEMAND	0	2	9	30	122	686	500		
DEMAND	0	2	10	0	109	662	487		
DEMAND	0	2	10	30	107	688	484		
DEMAND	0	2	11	0	119	646	514		
DEMAND	0	2	11	30	115	706	483		
DEMAND	0	2	12	0	116	661	481		
DEMAND	0	2	12	30	107	684	500		
DEMAND	0	2	13	0	118	674	483		
DEMAND	0	2	13	30	109	670	519		
DEMAND	0	2	14	0	117	658	489		
DEMAND	0	2	14	30	121	664	512		
DEMAND	0	2	15	0	113	710	496		
DEMAND	0	2	15	30	106	671	506		
DEMAND	0	2	16	0	114	658	496		
DEMAND	0	2	16	30	111	671	496		
DEMAND	0	2	17	0	108	682	494		
DEMAND	0	2	17	30	114	693	491		
DEMAND	0	2	18	0	113	720	493		
DEMAND	0	2	18	30	120	687	508		
DEMAND	0	2	19	0	103	709	500		
DEMAND	0	2	19	30	108	709	497		
DEMAND	0	2	20	0	107	744	497		
DEMAND	0	2	20	30	118	730	510		
DEMAND	0	2	21	0	118	714	488		
DEMAND	0	2	21	30	115	694	486		
DEMAND	0	2	22	0	112	721	493		
DEMAND	0	2	22	30	118	741	495		
DEMAND	0	2	23	0	116	702	488		
DEMAND	0	2	23	30	112	717	491		
DEMAND	0	2	24	0	113	706	492		
DEMAND	0	2	24	30	112	743	518		
DEMAND	0	2	25	0	113	733	490		
DEMAND	0	2	25	30	107	737	502		
DEMAND	0	2	26	0	112	746	510		
DEMAND	0	2	26	30	111	726	503		
DEMAND	0	2	27	0	111	721	515		
DEMAND	0	2	27	30	112	756	516		
DEMAND	0	2	28	0	105	716	504		
DEMAND	0	2	28	30	107	729	534		
DEMAND	0	2	29	0	115	767	517		
DEMAND	0	2	29	30	120	747	504		
DEMAND	0	2	30	0	107	744	516		
DEMAND	0	2	30	30	113	742	540		
DEMAND	0	2	31	0	114	757	534		
DEMAND	0	2	31	30	105	723	537		
DEMAND	0	2	32	0	118	770	534		
DEMAND	0	2	32	30	117	733	496		
DEMAND	0	2	33	0	120	774	533		
DEMAND	0	2	33	30	104	734	541		
DEMAND	0	2	34	0	116	747	517		
DEMAND	0	2	34	30	109	786	527		
DEMAND	0	2	35	0	104	779	532		
DEMAND	0	2	35	30	114	786	501		
DEMAND	0	2	36	0	116	763	502		
DEMAND	0	2	36	30	122	775	542		
DEMAND	0	2	37	0	107	783	522		
DEMAND	0	2	37	30	106	796	528		
DEMAND	0	2	38	0	118	787	529		
DEMAND	0	2	38	30	114	801	551		
DEMAND	0	2	39	0	123	798	523		
DEMAND	0	2	39	30	104	803	545		
DEMAND	0	2	40	0	103	785	506		
DEMAND	0	2	40	30	115	808	541		
DEMAND	0	2	41	0	108	758	524		
DEMAND	0	2	41	30	110	790	536		
DEMAND	0	2	42	0	112	815	540		
DEMAND	0	2	42	30	99	803	545		
DEMAND	0	2	43	0	104	786	508		
DEMAND	0	2	43	30	106	798	540		
DEMAND	0	2	44	0	125	813	534		
DEMAND	0	2	44	30	117	787	545		
DEMAND	0	2	45	0	105	819	536		
DEMAND	0	2	45	30	126	828	542		
DEMAND	0	2	46	0	122	799	533		
DEMAND	0	2	46	30	115	805	538		
DEMAND	0	2	47	0	115	810	532		
DEMAND	0	2	47	30	107	840	517		
DEMAND	0	2	48	0	104	833	552		
DEMAND	0	2	48	30	116	838	535		
DEMAND	0	2	49	0	101	821	544		
DEMAND	0	2	49	30	119	827	519		
DEMAND	0	2	50	0	111	831	510		
DEMAND	0	2	50	30	110	842	561		
DEMAND	0	2	51	0	108	806	543		
DEMAND	0	2	51	30	106	818	546		
DEMAND	0	2	52	0	117	839	524		
DEMAND	0	2	52	30	116	811	529		
DEMAND	0	2	53	0	110	838	534		
DEMAND	0	2	53	30	113	857	545		
DEMAND	0	2	54	0	116	840	571		
DEMAND	0	2	54	30	124	819	564		
DEMAND	0	2	55	0	122	842	572		
DEMAND	0	2	55	30	125	826	538		
DEMAND	0	2	56	0	121	832	549		
DEMAND	0	2	56	30	103	817	556		
DEMAND	0	2	57	0	121	860	544		
DEMAND	0	2	57	30	114	811	540		
DEMAND	0	2	58	0	110	849	545		
DEMAND	0	2	58	30	109	865	535		
DEMAND	0	2	59	0	111	842	578		
DEMAND	0	2	59	30	114	841	578		
DEMAND	0	3	0	0	118	857	588		
DEMAND	0	3	0	30	100	825	552		
DEMAND	0	3	1	0	120	857	534		
DEMAND	0	3	1	30	114	850	533		
DEMAND	0	3	2	0	112	864	554		
DEMAND	0	3	2	30	104	859	544		
DEMAND	0	3	3	0	124	851	584		
DEMAND	0	3	3	30	114	850	581		
DEMAND	0	3	4	0	123	870	578		
DEMAND	0	3	4	30	128	863	537		
DEMAND	0	3	5	0	110	875	552		
DEMAND	0	3	5	30	116	853	564		
DEMAND	0	3	6	0	115	869	562		
DEMAND	0	3	6	30	102	862	570		
DEMAND	0	3	7	0	122	875	555		
DEMAND	0	3	7	30	116	880	555		
DEMAND	0	3	8	0	125	865	593		
DEMAND	0	3	8	30	113	878	556		
DEMAND	0	3	9	0	120	872	589		
DEMAND	0	3	9	30	109	882	559		
DEMAND	0	3	10	0	125	865	590		
DEMAND	0	3	10	30	123	863	568		
DEMAND	0	3	11	0	119	876	579		
DEMAND	0	3	11	30	119	881	558		
DEMAND	0	3	12	0	114	881	591		
DEMAND	0	3	12	30	120	887	575		
DEMAND	0	3	13	0	98	899	560		
DEMAND	0	3	13	30	119	888	597		
DEMAND	0	3	14	0	102	898	552		
DEMAND	0	3	14	30	117	908	562		
DEMAND	0	3	15	0	124	881	570		
DEMAND	0	3	15	30	123	911	577		
DEMAND	0	3	16	0	111	881	594		
DEMAND	0	3	16	30	107	888	599		
DEMAND	0	3	17	0	99	880	596		
DEMAND	0	3	17	30	120	899	593		
DEMAND	0	3	18	0	104	899	594		
DEMAND	0	3	18	30	120	901	606		
DEMAND	0	3	19	0	111	923	616		
DEMAND	0	3	19	30	107	919	572		
DEMAND	0	3	20	0	126	889	557		
DEMAND	0	3	20	30	111	915	612		
DEMAND	0	3	21	0	116	902	584		
DEMAND	0	3	21	30	118	889	626		
DEMAND	0	3	22	0	113	909	618		
DEMAND	0	3	22	30	122	914	597		
DEMAND	0	3	23	0	114	937	614		
DEMAND	0	3	23	30	122	911	590		
DEMAND	0	3	24	0	106	909	630		
DEMAND	0	3	24	30	130	908	581		
DEMAND	0	3	25	0	126	911	594		
DEMAND	0	3	25	30	117	895	571		
DEMAND	0	3	26	0	128	916	589		
DEMAND	0	3	26	30	108	907	615		
DEMAND	0	3	27	0	128	904	624		
DEMAND	0	3	27	30	103	920	588		
DEMAND	0	3	28	0	105	928	604		
DEMAND	0	3	28	30	110	943	598		
DEMAND	0	3	29	0	105	942	620		
DEMAND	0	3	29	30	120	927	634		
DEMAND	0	3	30	0	109	928	615		
DEMAND	0	3	30	30	109	956	605		
DEMAND	0	3	31	0	101	938	612		
DEMAND	0	3	31	30	130	935	608		
DEMAND	0	3	32	0	113	935	601		
DEMAND	0	3	32	30	102	926	643		
DEMAND	0	3	33	0	108	934	581		
DEMAND	0	3	33	30	117	947	601		
DEMAND	0	3	34	0	114	924	600		
DEMAND	0	3	34	30	106	963	634		
DEMAND	0	3	35	0	107	941	640		
DEMAND	0	3	35	30	101	924	606		
DEMAND	0	3	36	0	127	938	605		
DEMAND	0	3	36	30	132	933	587		
DEMAND	0	3	37	0	108	943	623		
DEMAND	0	3	37	30	119	938	633		
DEMAND	0	3	38	0	135	925	604		
DEMAND	0	3	38	30	113	948	647		
DEMAND	0	3	39	0	120	934	596		
DEMAND	0	3	39	30	107	933	610		
DEMAND	0	3	40	0	121	940	596		
DEMAND	0	3	40	30	106	963	634		
DEMAND	0	3	41	0	110	960	653		
DEMAND	0	3	41	30	102	964	636		
DEMAND	0	3	42	0	107	941	659		
DEMAND	0	3	42	30	100	958	609		
DEMAND	0	3	43	0	116	954	650		
DEMAND	0	3	43	30	121	967	653		
DEMAND	0	3	44	0	114	952	639		
DEMAND	0	3	44	30	124	939	633		
DEMAND	0	3	45	0	97	971	621		
DEMAND	0	3	45	30	133	968	606		
DEMAND	0	3	46	0	107	973	619		
DEMAND	0	3	46	30	109	956	650		
DEMAND	0	3	47	0	109	948	644		
DEMAND	0	3	47	30	115	972	649		
DEMAND	0	3	48	0	130	976	623		
DEMAND	0	3	48	30	118	948	649		
DEMAND	0	3	49	0	114	975	633		
DEMAND	0	3	49	30	137	971	616		
DEMAND	0	3	50	0	124	955	637		
DEMAND	0	3	50	30	117	951	645		
DEMAND	0	3	51	0	126	975	629		
DEMAND	0	3	51	30	110	951	663		
DEMAND	0	3	52	0	125	967	669		
DEMAND	0	3	52	30	121	969	626		
DEMAND	0	3	53	0	125	958	646		
DEMAND	0	3	53	30	106	981	672		
DEMAND	0	3	54	0	123	972	664		
DEMAND	0	3	54	30	116	977	624		
DEMAND	0	3	55	0	142	964	674		
DEMAND	0	3	55	30	137	979	663		
DEMAND	0	3	56	0	142	971	662		
DEMAND	0	3	56	30	130	972	637		
DEMAND	0	3	57	0	111	963	667		
DEMAND	0	3	57	30	145	981	626		
DEMAND	0	3	58	0	111	983	676		
DEMAND	0	3	58	30	104	975	624		
DEMAND	0	3	59	0	104	978	658		
DEMAND	0	3	59	30	112	966	655		
DEMAND	0	4	0	0	120	984	657		
DEMAND	0	4	0	30	120	974	644		
DEMAND	0	4	1	0	138	976	657		
DEMAND	0	4	1	30	127	970	647		
DEMAND	0	4	2	0	122	974	635		
DEMAND	0	4	2	30	111	986	643		
DEMAND	0	4	3	0	120	973	634		
DEMAND	0	4	3	30	122	962	655		
DEMAND	0	4	4	0	109	984	640		
DEMAND	0	4	4	30	115	971	634		
DEMAND	0	4	5	0	130	965	643		
DEMAND	0	4	5	30	121	965	667		
DEMAND	0	4	6	0	133	977	656		
DEMAND	0	4	6	30	138	983	670		
DEMAND	0	4	7	0	118	975	689		
DEMAND	0	4	7	30	135	983	696		
DEMAND	0	4	8	0	128	970	659		
DEMAND	0	4	8	30	122	973	662		
DEMAND	0	4	9	0	114	984	669		
DEMAND	0	4	9	30	123	979	684		
DEMAND	0	4	10	0	131	987	685		
DEMAND	0	4	10	30	145	969	649		
DEMAND	0	4	11	0	132	996	692		
DEMAND	0	4	11	30	106	988	678		
DEMAND	0	4	12	0	146	970	662		
DEMAND	0	4	12	30	146	982	661		
DEMAND	0	4	13	0	134	970	681		
DEMAND	0	4	13	30	133	965	687		
DEMAND	0	4	14	0	124	985	686		
DEMAND	0	4	14	30	129	978	670		
DEMAND	0	4	15	0	127	984	665		
DEMAND	0	4	15	30	134	976	665		
DEMAND	0	4	16	0	135	972	692		
DEMAND	0	4	16	30	141	986	664		
DEMAND	0	4	17	0	118	989	677		
DEMAND	0	4	17	30	133	988	670		
DEMAND	0	4	18	0	160	986	690		
DEMAND	0	4	18	30	125	973	678		
DEMAND	0	4	19	0	154	972	686		
DEMAND	0	4	19	30	141	983	693		
DEMAND	0	4	20	0	132	982	687		
DEMAND	0	4	20	30	152	986	670		
DEMAND	0	4	21	0	127	982	676		
DEMAND	0	4	21	30	139	992	657		
DEMAND	0	4	22	0	125	984	662		
DEMAND	0	4	22	30	157	972	699		
DEMAND	0	4	23	0	150	971	657		
DEMAND	0	4	23	30	158	983	694		
DEMAND	0	4	24	0	157	996	672		
DEMAND	0	4	24	30	160	992	672		
DEMAND	0	4	25	0	139	989	672		
DEMAND	0	4	25	30	129	965	695		
DEMAND	0	4	26	0	139	984	665		
DEMAND	0	4	26	30	145	989	698		
DEMAND	0	4	27	0	134	977	691		
DEMAND	0	4	27	30	165	1004	702		
DEMAND	0	4	28	0	152	964	669		
DEMAND	0	4	28	30	154	980	695		
DEMAND	0	4	29	0	154	976	685		
DEMAND	0	4	29	30	164	993	672		
DEMAND	0	4	30	0	146	990	687		
DEMAND	0	4	30	30	148	965	666		
DEMAND	0	4	31	0	146	973	704		
DEMAND	0	4	31	30	143	981	711		
DEMAND	0	4	32	0	162	995	685		
DEMAND	0	4	32	30	146	982	707		
DEMAND	0	4	33	0	159	983	685		
DEMAND	0	4	33	30	163	987	687		
DEMAND	0	4	34	0	160	985	680		
DEMAND	0	4	34	30	169	986	671		
DEMAND	0	4	35	0	165	960	686		
DEMAND	0	4	35	30	146	989	712		
DEMAND	0	4	36	0	146	975	696		
DEMAND	0	4	36	30	174	973	697		
DEMAND	0	4	37	0	170	972	679		
DEMAND	0	4	37	30	167	969	696		
DEMAND	0	4	38	0	164	980	707		
DEMAND	0	4	38	30	175	973	686		
DEMAND	0	4	39	0	154	972	689		
DEMAND	0	4	39	30	194	980	714		
DEMAND	0	4	40	0	166	970	684		
DEMAND	0	4	40	30	179	966	688		
DEMAND	0	4	41	0	166	978	689		
DEMAND	0	4	41	30	189	987	684		
DEMAND	0	4	42	0	184	977	681		
DEMAND	0	4	42	30	179	968	691		
DEMAND	0	4	43	0	183	971	692		
DEMAND	0	4	43	30	181	975	716		
DEMAND	0	4	44	0	171	962	679		
DEMAND	0	4	44	30	181	952	709		
DEMAND	0	4	45	0	170	986	706		
DEMAND	0	4	45	30	199	962	718		
DEMAND	0	4	46	0	208	961	690		
DEMAND	0	4	46	30	193	992	711		
DEMAND	0	4	47	0	212	984	712		
DEMAND	0	4	47	30	184	964	713		
DEMAND	0	4	48	0	186	985	706		
DEMAND	0	4	48	30	213	948	690		
DEMAND	0	4	49	0	217	967	710		
DEMAND	0	4	49	30	185	965	695		
DEMAND	0	4	50	0	194	943	695		
DEMAND	0	4	50	30	224	990	688		
DEMAND	0	4	51	0	209	980	701		
DEMAND	0	4	51	30	226	962	714		
DEMAND	0	4	52	0	224	944	702		
DEMAND	0	4	52	30	223	966	687		
DEMAND	0	4	53	0	232	972	716		
DEMAND	0	4	53	30	245	973	683		
DEMAND	0	4	54	0	228	949	707		
DEMAND	0	4	54	30	246	951	693		
DEMAND	0	4	55	0	230	976	703		
DEMAND	0	4	55	30	258	978	700		
DEMAND	0	4	56	0	238	946	696		
DEMAND	0	4	56	30	255	948	695		
DEMAND	0	4	57	0	270	970	698		
DEMAND	0	4	57	30	265	939	701		
DEMAND	0	4	58	0	248	949	694		
DEMAND	0	4	58	30	294	938	698		
DEMAND	0	4	59	0	271	941	706		
DEMAND	0	4	59	30	278	952	698		
DEMAND	0	5	0	0	268	940	695		
DEMAND	0	5	0	30	282	965	701		
DEMAND	0	5	1	0	294	968	695		
DEMAND	0	5	1	30	299	946	698		
DEMAND	0	5	2	0	304	925	689		
DEMAND	0	5	2	30	288	948	720		
DEMAND	0	5	3	0	278	959	693		
DEMAND	0	5	3	30	306	952	703		
DEMAND	0	5	4	0	274	959	695		
DEMAND	0	5	4	30	309	927	699		
DEMAND	0	5	5	0	293	941	702		
DEMAND	0	5	5	30	305	939	698		
DEMAND	0	5	6	0	286	933	684		
DEMAND	0	5	6	30	310	951	689		
DEMAND	0	5	7	0	284	949	702		
DEMAND	0	5	7	30	289	944	710		
DEMAND	0	5	8	0	274	920	695		
DEMAND	0	5	8	30	308	957	701		
DEMAND	0	5	9	0	327	932	708		
DEMAND	0	5	9	30	297	915	700		
DEMAND	0	5	10	0	323	928	689		
DEMAND	0	5	10	30	304	912	689		
DEMAND	0	5	11	0	305	928	689		
DEMAND	0	5	11	30	299	952	694		
DEMAND	0	5	12	0	307	922	701		
DEMAND	0	5	12	30	298	953	702		
DEMAND	0	5	13	0	302	942	691		
DEMAND	0	5	13	30	298	916	696		
DEMAND	0	5	14	0	334	908	700		
DEMAND	0	5	14	30	320	946	692		
DEMAND	0	5	15	0	288	948	695		
DEMAND	0	5	15	30	334	929	694		
DEMAND	0	5	16	0	339	906	683		
DEMAND	0	5	16	30	350	928	700		
DEMAND	0	5	17	0	316	943	679		
DEMAND	0	5	17	30	347	898	692		
DEMAND	0	5	18	0	318	936	699		
DEMAND	0	5	18	30	313	944	689		
DEMAND	0	5	19	0	323	944	677		
DEMAND	0	5	19	30	328	908	701		
DEMAND	0	5	20	0	341	932	692		
DEMAND	0	5	20	30	340	929	690		
DEMAND	0	5	21	0	347	889	683		
DEMAND	0	5	21	30	353	885	686		
DEMAND	0	5	22	0	324	927	680		
DEMAND	0	5	22	30	342	916	703		
DEMAND	0	5	23	0	363	934	689		
DEMAND	0	5	23	30	319	889	692		
DEMAND	0	5	24	0	351	877	690		
DEMAND	0	5	24	30	355	929	689		
DEMAND	0	5	25	0	348	934	687		
DEMAND	0	5	25	30	343	908	697		
DEMAND	0	5	26	0	355	886	672		
DEMAND	0	5	26	30	363	906	695		
DEMAND	0	5	27	0	360	913	694		
DEMAND	0	5	27	30	353	912	678		
DEMAND	0	5	28	0	349	912	682		
DEMAND	0	5	28	30	352	876	675		
DEMAND	0	5	29	0	347	905	687		
DEMAND	0	5	29	30	355	885	677		
DEMAND	0	5	30	0	386	899	672		
DEMAND	0	5	30	30	393	896	674		
DEMAND	0	5	31	0	364	902	678		
DEMAND	0	5	31	30	406	873	684		
DEMAND	0	5	32	0	370	899	680		
DEMAND	0	5	32	30	398	924	682		
DEMAND	0	5	33	0	403	870	666		
DEMAND	0	5	33	30	392	913	688		
DEMAND	0	5	34	0	391	883	662		
DEMAND	0	5	34	30	422	884	671		
DEMAND	0	5	35	0	402	863	672		
DEMAND	0	5	35	30	382	872	679		
DEMAND	0	5	36	0	402	868	673		
DEMAND	0	5	36	30	378	894	671		
DEMAND	0	5	37	0	428	875	668		
DEMAND	0	5	37	30	388	878	688		
DEMAND	0	5	38	0	382	881	681		
DEMAND	0	5	38	30	427	865	670		
DEMAND	0	5	39	0	396	896	681		
DEMAND	0	5	39	30	414	889	675		
DEMAND	0	5	40	0	380	873	680		
DEMAND	0	5	40	30	412	873	676		
DEMAND	0	5	41	0	420	883	681		
DEMAND	0	5	41	30	382	889	671		
DEMAND	0	5	42	0	430	887	658		
DEMAND	0	5	42	30	421	891	664		
DEMAND	0	5	43	0	429	850	679		
DEMAND	0	5	43	30	421	879	662		
DEMAND	0	5	44	0	396	877	659		
DEMAND	0	5	44	30	439	883	670		
DEMAND	0	5	45	0	467	848	661		
DEMAND	0	5	45	30	472	836	669		
DEMAND	0	5	46	0	432	859	654		
DEMAND	0	5	46	30	478	873	669		
DEMAND	0	5	47	0	445	841	658		
DEMAND	0	5	47	30	445	882	652		
DEMAND	0	5	48	0	418	846	658		
DEMAND	0	5	48	30	465	864	657		
DEMAND	0	5	49	0	415	862	650		
DEMAND	0	5	49	30	453	854	648		
DEMAND	0	5	50	0	427	853	653		
DEMAND	0	5	50	30	471	866	641		
DEMAND	0	5	51	0	434	822	648		
DEMAND	0	5	51	30	446	846	648		
DEMAND	0	5	52	0	454	832	663		
DEMAND	0	5	52	30	431	822	647		
DEMAND	0	5	53	0	480	854	647		
DEMAND	0	5	53	30	456	841	635		
DEMAND	0	5	54	0	463	864	644		
DEMAND	0	5	54	30	456	841	651		
DEMAND	0	5	55	0	475	855	642		
DEMAND	0	5	55	30	489	819	637		
DEMAND	0	5	56	0	500	822	643		
DEMAND	0	5	56	30	487	851	646		
DEMAND	0	5	57	0	468	821	643		
DEMAND	0	5	57	30	510	835	632		
DEMAND	0	5	58	0	500	850	646		
DEMAND	0	5	58	30	509	846	619		
DEMAND	0	5	59	0	496	803	629		
DEMAND	0	5	59	30	495	827	621		
DEMAND	0	6	0	0	522	839	632		
DEMAND	0	6	0	30	528	816	649		
DEMAND	0	6	1	0	528	800	623		
DEMAND	0	6	1	30	543	846	640		
DEMAND	0	6	2	0	539	852	637		
DEMAND	0	6	2	30	511	826	613		
DEMAND	0	6	3	0	485	800	626		
DEMAND	0	6	3	30	501	794	619		
DEMAND	0	6	4	0	549	801	623		
DEMAND	0	6	4	30	565	819	631		
DEMAND	0	6	5	0	484	830	621		
DEMAND	0	6	5	30	498	802	620		
DEMAND	0	6	6	0	483	781	619		
DEMAND	0	6	6	30	524	813	620		
DEMAND	0	6	7	0	510	810	625		
DEMAND	0	6	7	30	502	811	618		
DEMAND	0	6	8	0	506	791	621		
DEMAND	0	6	8	30	586	822	613		
DEMAND	0	6	9	0	565	836	637		
DEMAND	0	6	9	30	527	824	615		
DEMAND	0	6	10	0	530	774	613		
DEMAND	0	6	10	30	557	801	617		
DEMAND	0	6	11	0	602	810	616		
DEMAND	0	6	11	30	534	783	592		
DEMAND	0	6	12	0	538	771	593		
DEMAND	0	6	12	30	589	775	610		
DEMAND	0	6	13	0	578	815	628		
DEMAND	0	6	13	30	563	784	587		
DEMAND	0	6	14	0	602	801	592		
DEMAND	0	6	14	30	548	763	599		
DEMAND	0	6	15	0	613	759	604		
DEMAND	0	6	15	30	548	757	583		
DEMAND	0	6	16	0	568	809	602		
DEMAND	0	6	16	30	591	791	585		
DEMAND	0	6	17	0	614	758	591		
DEMAND	0	6	17	30	592	775	623		
DEMAND	0	6	18	0	613	748	614		
DEMAND	0	6	18	30	634	769	574		
DEMAND	0	6	19	0	624	785	598		
DEMAND	0	6	19	30	572	758	598		
DEMAND	0	6	20	0	574	745	577		
DEMAND	0	6	20	30	578	774	590		
DEMAND	0	6	21	0	609	800	593		
DEMAND	0	6	21	30	587	775	598		
DEMAND	0	6	22	0	617	765	584		
DEMAND	0	6	22	30	634	761	580		
DEMAND	0	6	23	0	594	786	579		
DEMAND	0	6	23	30	623	740	567		
DEMAND	0	6	24	0	659	743	595		
DEMAND	0	6	24	30	667	781	560		
DEMAND	0	6	25	0	651	770	590		
DEMAND	0	6	25	30	663	746	576		
DEMAND	0	6	26	0	638	783	585		
DEMAND	0	6	26	30	652	752	586		
DEMAND	0	6	27	0	595	777	582		
DEMAND	0	6	27	30	671	728	554		
DEMAND	0	6	28	0	639	780	578		
DEMAND	0	6	28	30	683	734	554		
DEMAND	0	6	29	0	622	745	584		
DEMAND	0	6	29	30	668	761	571		
DEMAND	0	6	30	0	634	730	550		
DEMAND	0	6	30	30	701	745	583		
DEMAND	0	6	31	0	729	747	538		
DEMAND	0	6	31	30	640	721	570		
DEMAND	0	6	32	0	662	775	554		
DEMAND	0	6	32	30	676	718	553		
DEMAND	0	6	33	0	724	753	555		
DEMAND	0	6	33	30	653	724	557		
DEMAND	0	6	34	0	751	761	561		
DEMAND	0	6	34	30	732	720	556		
DEMAND	0	6	35	0	661	758	560		
DEMAND	0	6	35	30	668	735	547		
DEMAND	0	6	36	0	699	760	547		
DEMAND	0	6	36	30	726	706	554		
DEMAND	0	6	37	0	705	706	535		
DEMAND	0	6	37	30	708	751	554		
DEMAND	0	6	38	0	681	711	530		
DEMAND	0	6	38	30	686	718	565		
DEMAND	0	6	39	0	754	726	517		
DEMAND	0	6	39	30	753	724	543		
DEMAND	0	6	40	0	674	735	533		
DEMAND	0	6	40	30	748	727	535		
DEMAND	0	6	41	0	686	728	546		
DEMAND	0	6	41	30	773	737	533		
DEMAND	0	6	42	0	778	742	523		
DEMAND	0	6	42	30	699	708	505		
DEMAND	0	6	43	0	757	723	499		
DEMAND	0	6	43	30	823	705	513		
DEMAND	0	6	44	0	765	703	522		
DEMAND	0	6	44	30	803	723	519		
DEMAND	0	6	45	0	726	707	526		
DEMAND	0	6	45	30	795	719	525		
DEMAND	0	6	46	0	749	689	529		
DEMAND	0	6	46	30	811	734	527		
DEMAND	0	6	47	0	746	720	498		
DEMAND	0	6	47	30	787	694	493		
DEMAND	0	6	48	0	719	702	515		
DEMAND	0	6	48	30	799	714	529		
DEMAND	0	6	49	0	738	718	524		
DEMAND	0	6	49	30	834	691	509		
DEMAND	0	6	50	0	837	727	507		
DEMAND	0	6	50	30	801	683	494		
DEMAND	0	6	51	0	842	713	476		
DEMAND	0	6	51	30	776	674	491		
DEMAND	0	6	52	0	845	695	473		
DEMAND	0	6	52	30	746	696	507		
DEMAND	0	6	53	0	805	689	509		
DEMAND	0	6	53	30	819	685	517		
DEMAND	0	6	54	0	852	713	507		
DEMAND	0	6	54	30	812	680	507		
DEMAND	0	6	55	0	806	674	497		
DEMAND	0	6	55	30	857	688	486		
DEMAND	0	6	56	0	865	694	503		
DEMAND	0	6	56	30	853	690	506		
DEMAND	0	6	57	0	842	685	489		
DEMAND	0	6	57	30	838	684	500		
DEMAND	0	6	58	0	823	661	461		
DEMAND	0	6	58	30	782	678	486		
DEMAND	0	6	59	0	848	677	466		
DEMAND	0	6	59	30	869	695	456		
DEMAND	0	7	0	0	871	656	494		
DEMAND	0	7	0	30	866	690	481		
DEMAND	0	7	1	0	834	701	466		
DEMAND	0	7	1	30	848	674	464		
DEMAND	0	7	2	0	887	655	482		
DEMAND	0	7	2	30	879	691	490		
DEMAND	0	7	3	0	879	652	458		
DEMAND	0	7	3	30	904	688	451		
DEMAND	0	7	4	0	834	663	458		
DEMAND	0	7	4	30	897	657	468		
DEMAND	0	7	5	0	941	658	460		
DEMAND	0	7	5	30	919	664	466		
DEMAND	0	7	6	0	890	668	456		
DEMAND	0	7	6	30	828	669	440		
DEMAND	0	7	7	0	922	655	472		
DEMAND	0	7	7	30	900	655	454		
DEMAND	0	7	8	0	911	660	413		
DEMAND	0	7	8	30	882	644	448		
DEMAND	0	7	9	0	960	640	462		
DEMAND	0	7	9	30	852	669	439		
DEMAND	0	7	10	0	954	674	418		
DEMAND	0	7	10	30	857	651	426		
DEMAND	0	7	11	0	954	651	430		
DEMAND	0	7	11	30	921	651	404		
DEMAND	0	7	12	0	993	640	433		
DEMAND	0	7	12	30	868	652	420		
DEMAND	0	7	13	0	963	637	441		
DEMAND	0	7	13	30	907	636	442		
DEMAND	0	7	14	0	902	658	397		
DEMAND	0	7	14	30	961	652	406		
DEMAND	0	7	15	0	948	668	403		
DEMAND	0	7	15	30	988	651	447		
DEMAND	0	7	16	0	964	638	442		
DEMAND	0	7	16	30	966	656	417		
DEMAND	0	7	17	0	935	666	407		
DEMAND	0	7	17	30	1005	639	439		
DEMAND	0	7	18	0	989	634	389		
DEMAND	0	7	18	30	995	658	437		
DEMAND	0	7	19	0	922	651	426		
DEMAND	0	7	19	30	925	648	431		
DEMAND	0	7	20	0	968	631	408		
DEMAND	0	7	20	30	956	662	382		
DEMAND	0	7	21	0	992	644	417		
DEMAND	0	7	21	30	955	634	406		
DEMAND	0	7	22	0	1025	637	381		
DEMAND	0	7	22	30	1052	644	374		
DEMAND	0	7	23	0	1027	637	393		
DEMAND	0	7	23	30	941	633	381		
DEMAND	0	7	24	0	1050	634	374		
DEMAND	0	7	24	30	1023	632	418		
DEMAND	0	7	25	0	999	644	364		
DEMAND	0	7	25	30	983	638	409		
DEMAND	0	7	26	0	1055	632	374		
DEMAND	0	7	26	30	976	625	394		
DEMAND	0	7	27	0	1017	628	414		
DEMAND	0	7	27	30	1007	635	385		
DEMAND	0	7	28	0	1050	633	402		
DEMAND	0	7	28	30	1061	629	418		
DEMAND	0	7	29	0	1045	625	361		
DEMAND	0	7	29	30	1048	616	352		
DEMAND	0	7	30	0	1013	625	385		
DEMAND	0	7	30	30	1001	629	389		
DEMAND	0	7	31	0	1020	623	399		
DEMAND	0	7	31	30	1029	629	390		
DEMAND	0	7	32	0	1054	631	368		
DEMAND	0	7	32	30	1078	621	377		
DEMAND	0	7	33	0	1005	630	375		
DEMAND	0	7	33	30	1081	624	367		
DEMAND	0	7	34	0	1080	626	388		
DEMAND	0	7	34	30	1092	619	360		
DEMAND	0	7	35	0	1033	627	343		
DEMAND	0	7	35	30	1055	624	368		
DEMAND	0	7	36	0	1063	625	360		
DEMAND	0	7	36	30	1087	625	351		
DEMAND	0	7	37	0	1080	609	342		
DEMAND	0	7	37	30	1038	619	367		
DEMAND	0	7	38	0	1064	610	363		
DEMAND	0	7	38	30	1075	606	331		
DEMAND	0	7	39	0	1096	613	332		
DEMAND	0	7	39	30	1100	616	343		
DEMAND	0	7	40	0	1130	621	338		
DEMAND	0	7	40	30	1134	626	338		
DEMAND	0	7	41	0	1100	603	312		
DEMAND	0	7	41	30	1131	624	327		
DEMAND	0	7	42	0	1110	609	351		
DEMAND	0	7	42	30	1130	609	332		
DEMAND	0	7	43	0	1123	607	347		
DEMAND	0	7	43	30	1137	610	302		
DEMAND	0	7	44	0	1139	617	354		
DEMAND	0	7	44	30	1162	608	340		
DEMAND	0	7	45	0	1127	608	348		
DEMAND	0	7	45	30	1131	605	333		
DEMAND	0	7	46	0	1123	617	331		
DEMAND	0	7	46	30	1167	617	362		
DEMAND	0	7	47	0	1111	613	313		
DEMAND	0	7	47	30	1185	613	325		
DEMAND	0	7	48	0	1121	603	335		
DEMAND	0	7	48	30	1193	604	328		
DEMAND	0	7	49	0	1150	607	320		
DEMAND	0	7	49	30	1138	615	313		
DEMAND	0	7	50	0	1102	613	298		
DEMAND	0	7	50	30	1134	607	300		
DEMAND	0	7	51	0	1188	609	317		
DEMAND	0	7	51	30	1186	611	299		
DEMAND	0	7	52	0	1154	599	332		
DEMAND	0	7	52	30	1136	615	284		
DEMAND	0	7	53	0	1147	607	330		
DEMAND	0	7	53	30	1186	610	279		
DEMAND	0	7	54	0	1169	604	316		
DEMAND	0	7	54	30	1164	601	337		
DEMAND	0	7	55	0	1190	603	316		
DEMAND	0	7	55	30	1173	606	270		
DEMAND	0	7	56	0	1232	615	289		
DEMAND	0	7	56	30	1212	608	300		
DEMAND	0	7	57	0	1185	607	297		
DEMAND	0	7	57	30	1219	613	299		
DEMAND	0	7	58	0	1209	595	274		
DEMAND	0	7	58	30	1201	607	299		
DEMAND	0	7	59	0	1188	608	303		
DEMAND	0	7	59	30	1196	598	305		
DEMAND	0	8	0	0	1212	607	282		
DEMAND	0	8	0	30	1211	606	308		
DEMAND	0	8	1	0	1228	609	269		
DEMAND	0	8	1	30	1204	593	265		
DEMAND	0	8	2	0	1246	598	292		
DEMAND	0	8	2	30	1214	604	289		
DEMAND	0	8	3	0	1205	600	301		
DEMAND	0	8	3	30	1199	598	292		
DEMAND	0	8	4	0	1248	591	277		
DEMAND	0	8	4	30	1243	593	259		
DEMAND	0	8	5	0	1203	615	286		
DEMAND	0	8	5	30	1247	605	254		
DEMAND	0	8	6	0	1235	598	261		
DEMAND	0	8	6	30	1233	598	273		
DEMAND	0	8	7	0	1205	599	286		
DEMAND	0	8	7	30	1230	591	235		
DEMAND	0	8	8	0	1259	609	261		
DEMAND	0	8	8	30	1235	607	280		
DEMAND	0	8	9	0	1230	611	284		
DEMAND	0	8	9	30	1245	596	286		
DEMAND	0	8	10	0	1264	601	262		
DEMAND	0	8	10	30	1243	595	255		
DEMAND	0	8	11	0	1255	607	270		
DEMAND	0	8	11	30	1267	599	257		
DEMAND	0	8	12	0	1269	603	266		
DEMAND	0	8	12	30	1258	597	254		
DEMAND	0	8	13	0	1286	607	281		
DEMAND	0	8	13	30	1220	610	275		
DEMAND	0	8	14	0	1281	606	246		
DEMAND	0	8	14	30	1263	596	241		
DEMAND	0	8	15	0	1245	604	275		
DEMAND	0	8	15	30	1282	594	247		
DEMAND	0	8	16	0	1286	603	263		
DEMAND	0	8	16	30	1248	606	282		
DEMAND	0	8	17	0	1261	598	249		
DEMAND	0	8	17	30	1279	608	240		
DEMAND	0	8	18	0	1274	602	288		
DEMAND	0	8	18	30	1245	612	284		
DEMAND	0	8	19	0	1306	598	279		
DEMAND	0	8	19	30	1313	600	253		
DEMAND	0	8	20	0	1262	607	266		
DEMAND	0	8	20	30	1270	604	278		
DEMAND	0	8	21	0	1299	594	284		
DEMAND	0	8	21	30	1285	605	268		
DEMAND	0	8	22	0	1276	597	273		
DEMAND	0	8	22	30	1302	595	274		
DEMAND	0	8	23	0	1305	602	253		
DEMAND	0	8	23	30	1336	600	261		
DEMAND	0	8	24	0	1265	605	262		
DEMAND	0	8	24	30	1297	585	255		
DEMAND	0	8	25	0	1329	602	276		
DEMAND	0	8	25	30	1319	602	246		
DEMAND	0	8	26	0	1285	612	267		
DEMAND	0	8	26	30	1329	604	251		
DEMAND	0	8	27	0	1319	596	284		
DEMAND	0	8	27	30	1308	596	271		
DEMAND	0	8	28	0	1331	606	268		
DEMAND	0	8	28	30	1352	586	286		
DEMAND	0	8	29	0	1279	595	300		
DEMAND	0	8	29	30	1336	619	274		
DEMAND	0	8	30	0	1309	608	272		
DEMAND	0	8	30	30	1332	620	266		
DEMAND	0	8	31	0	1320	616	274		
DEMAND	0	8	31	30	1338	610	253		
DEMAND	0	8	32	0	1317	607	297		
DEMAND	0	8	32	30	1357	621	258		
DEMAND	0	8	33	0	1331	599	308		
DEMAND	0	8	33	30	1339	604	268		
DEMAND	0	8	34	0	1339	586	292		
DEMAND	0	8	34	30	1338	623	277		
DEMAND	0	8	35	0	1343	599	276		
DEMAND	0	8	35	30	1347	605	261		
DEMAND	0	8	36	0	1348	614	269		
DEMAND	0	8	36	30	1363	629	274		
DEMAND	0	8	37	0	1346	604	286		
DEMAND	0	8	37	30	1340	613	269		
DEMAND	0	8	38	0	1368	609	272		
DEMAND	0	8	38	30	1357	595	295		
DEMAND	0	8	39	0	1358	608	264		
DEMAND	0	8	39	30	1361	618	275		
DEMAND	0	8	40	0	1369	591	293		
DEMAND	0	8	40	30	1384	604	283		
DEMAND	0	8	41	0	1345	635	267		
DEMAND	0	8	41	30	1370	610	274		
DEMAND	0	8	42	0	1354	617	282		
DEMAND	0	8	42	30	1373	634	259		
DEMAND	0	8	43	0	1362	590	280		
DEMAND	0	8	43	30	1363	630	285		
DEMAND	0	8	44	0	1364	593	267		
DEMAND	0	8	44	30	1379	611	281		
DEMAND	0	8	45	0	1349	622	285		
DEMAND	0	8	45	30	1369	605	289		
DEMAND	0	8	46	0	1373	627	302		
DEMAND	0	8	46	30	1364	624	296		
DEMAND	0	8	47	0	1392	603	293		
DEMAND	0	8	47	30	1356	624	283		
DEMAND	0	8	48	0	1373	619	289		
DEMAND	0	8	48	30	1390	614	279		
DEMAND	0	8	49	0	1388	631	270		
DEMAND	0	8	49	30	1367	609	255		
DEMAND	0	8	50	0	1385	634	274		
DEMAND	0	8	50	30	1401	611	282		
DEMAND	0	8	51	0	1386	629	297		
DEMAND	0	8	51	30	1401	613	289		
DEMAND	0	8	52	0	1401	624	257		
DEMAND	0	8	52	30	1399	624	288		
DEMAND	0	8	53	0	1376	634	242		
DEMAND	0	8	53	30	1395	656	297		
DEMAND	0	8	54	0	1371	623	294		
DEMAND	0	8	54	30	1388	619	282		
DEMAND	0	8	55	0	1392	630	277		
DEMAND	0	8	55	30	1412	627	292		
DEMAND	0	8	56	0	1374	603	311		
DEMAND	0	8	56	30	1380	633	280		
DEMAND	0	8	57	0	1412	628	271		
DEMAND	0	8	57	30	1389	617	290		
DEMAND	0	8	58	0	1403	648	285		
DEMAND	0	8	58	30	1405	637	280		
DEMAND	0	8	59	0	1395	655	291		
DEMAND	0	8	59	30	1391	641	274		
DEMAND	0	9	0	0	1405	623	283		
DEMAND	0	9	0	30	1404	636	276		
DEMAND	0	9	1	0	1416	614	266		
DEMAND	0	9	1	30	1386	637	272		
DEMAND	0	9	2	0	1392	635	301		
DEMAND	0	9	2	30	1399	656	284		
DEMAND	0	9	3	0	1390	629	293		
DEMAND	0	9	3	30	1421	655	266		
DEMAND	0	9	4	0	1428	634	282		
DEMAND	0	9	4	30	1415	651	305		
DEMAND	0	9	5	0	1417	646	263		
DEMAND	0	9	5	30	1405	663	266		
DEMAND	0	9	6	0	1402	638	281		
DEMAND	0	9	6	30	1413	641	255		
DEMAND	0	9	7	0	1410	627	276		
DEMAND	0	9	7	30	1395	648	254		
DEMAND	0	9	8	0	1433	628	279		
DEMAND	0	9	8	30	1416	649	272		
DEMAND	0	9	9	0	1398	653	284		
DEMAND	0	9	9	30	1402	672	253		
DEMAND	0	9	10	0	1411	658	265		
DEMAND	0	9	10	30	1405	672	272		
DEMAND	0	9	11	0	1417	634	271		
DEMAND	0	9	11	30	1414	638	260		
DEMAND	0	9	12	0	1428	627	253		
DEMAND	0	9	12	30	1407	665	271		
DEMAND	0	9	13	0	1399	678	252		
DEMAND	0	9	13	30	1400	644	286		
DEMAND	0	9	14	0	1419	685	245		
DEMAND	0	9	14	30	1426	635	282		
DEMAND	0	9	15	0	1440	669	272		
DEMAND	0	9	15	30	1393	634	244		
DEMAND	0	9	16	0	1406	635	266		
DEMAND	0	9	16	30	1412	671	246		
DEMAND	0	9	17	0	1441	696	247		
DEMAND	0	9	17	30	1395	653	266		
DEMAND	0	9	18	0	1409	665	266		
DEMAND	0	9	18	30	1418	672	268		
DEMAND	0	9	19	0	1398	682	236		
DEMAND	0	9	19	30	1422	674	253		
DEMAND	0	9	20	0	1394	643	264		
DEMAND	0	9	20	30	1422	662	229		
DEMAND	0	9	21	0	1401	690	243		
DEMAND	0	9	21	30	1420	653	237		
DEMAND	0	9	22	0	1419	697	226		
DEMAND	0	9	22	30	1392	639	237		
DEMAND	0	9	23	0	1414	686	252		
DEMAND	0	9	23	30	1396	695	233		
DEMAND	0	9	24	0	1428	650	255		
DEMAND	0	9	24	30	1409	661	243		
DEMAND	0	9	25	0	1387	643	235		
DEMAND	0	9	25	30	1421	695	227		
DEMAND	0	9	26	0	1422	679	229		
DEMAND	0	9	26	30	1429	694	226		
DEMAND	0	9	27	0	1436	660	238		
DEMAND	0	9	27	30	1413	670	229		
DEMAND	0	9	28	0	1415	687	231		
DEMAND	0	9	28	30	1442	678	212		
DEMAND	0	9	29	0	1411	657	231		
DEMAND	0	9	29	30	1400	692	228		
DEMAND	0	9	30	0	1430	653	236		
DEMAND	0	9	30	30	1416	653	222		
DEMAND	0	9	31	0	1417	654	223		
DEMAND	0	9	31	30	1420	677	223		
DEMAND	0	9	32	0	1413	711	226		
DEMAND	0	9	32	30	1438	666	214		
DEMAND	0	9	33	0	1412	682	213		
DEMAND	0	9	33	30	1415	699	227		
DEMAND	0	9	34	0	1408	658	229		
DEMAND	0	9	34	30	1398	713	221		
DEMAND	0	9	35	0	1394	679	203		
DEMAND	0	9	35	30	1404	698	196		
DEMAND	0	9	36	0	1409	662	196		
DEMAND	0	9	36	30	1427	710	198		
DEMAND	0	9	37	0	1406	670	205		
DEMAND	0	9	37	30	1426	708	210		
DEMAND	0	9	38	0	1390	713	197		
DEMAND	0	9	38	30	1429	683	215		
DEMAND	0	9	39	0	1378	701	221		
DEMAND	0	9	39	30	1403	703	203		
DEMAND	0	9	40	0	1425	713	193		
DEMAND	0	9	40	30	1416	712	189		
DEMAND	0	9	41	0	1390	694	196		
DEMAND	0	9	41	30	1434	697	189		
DEMAND	0	9	42	0	1378	721	200		
DEMAND	0	9	42	30	1418	699	196		
DEMAND	0	9	43	0	1409	713	202		
DEMAND	0	9	43	30	1410	700	211		
DEMAND	0	9	44	0	1429	689	188		
DEMAND	0	9	44	30	1398	698	185		
DEMAND	0	9	45	0	1388	713	193		
DEMAND	0	9	45	30	1433	731	204		
DEMAND	0	9	46	0	1427	699	200		
DEMAND	0	9	46	30	1417	717	187		
DEMAND	0	9	47	0	1426	705	198		
DEMAND	0	9	47	30	1415	719	185		
DEMAND	0	9	48	0	1386	725	214		
DEMAND	0	9	48	30	1405	709	165		
DEMAND	0	9	49	0	1420	709	188		
DEMAND	0	9	49	30	1386	723	173		
DEMAND	0	9	50	0	1419	723	180		
DEMAND	0	9	50	30	1409	707	184		
DEMAND	0	9	51	0	1365	705	186		
DEMAND	0	9	51	30	1389	730	183		
DEMAND	0	9	52	0	1402	721	196		
DEMAND	0	9	52	30	1384	743	174		
DEMAND	0	9	53	0	1403	710	191		
DEMAND	0	9	53	30	1416	712	181		
DEMAND	0	9	54	0	1416	752	180		
DEMAND	0	9	54	30	1384	711	171		
DEMAND	0	9	55	0	1378	724	172		
DEMAND	0	9	55	30	1393	698	157		
DEMAND	0	9	56	0	1371	751	175		
DEMAND	0	9	56	30	1406	748	177		
DEMAND	0	9	57	0	1358	729	175		
DEMAND	0	9	57	30	1364	737	169		
DEMAND	0	9	58	0	1404	736	180		
DEMAND	0	9	58	30	1407	748	176		
DEMAND	0	9	59	0	1402	728	154		
DEMAND	0	9	59	30	1404	732	158		
DEMAND	0	10	0	0	1400	762	187		
DEMAND	0	10	0	30	1381	749	142		
DEMAND	0	10	1	0	1405	713	150		
DEMAND	0	10	1	30	1386	728	141		
DEMAND	0	10	2	0	1415	717	160		
DEMAND	0	10	2	30	1390	771	141		
DEMAND	0	10	3	0	1391	767	159		
DEMAND	0	10	3	30	1392	763	156		
DEMAND	0	10	4	0	1396	747	169		
DEMAND	0	10	4	30	1365	765	182		
DEMAND	0	10	5	0	1362	756	142		
DEMAND	0	10	5	30	1351	761	173		
DEMAND	0	10	6	0	1343	731	137		
DEMAND	0	10	6	30	1367	742	142		
DEMAND	0	10	7	0	1379	733	147		
DEMAND	0	10	7	30	1363	756	155		
DEMAND	0	10	8	0	1323	766	173		
DEMAND	0	10	8	30	1318	759	147		
DEMAND	0	10	9	0	1382	779	164		
DEMAND	0	10	9	30	1376	745	152		
DEMAND	0	10	10	0	1330	739	147		
DEMAND	0	10	10	30	1402	766	173		
DEMAND	0	10	11	0	1369	782	141		
DEMAND	0	10	11	30	1349	749	135		
DEMAND	0	10	12	0	1330	761	171		
DEMAND	0	10	12	30	1390	757	152		
DEMAND	0	10	13	0	1357	790	168		
DEMAND	0	10	13	30	1334	750	141		
DEMAND	0	10	14	0	1345	774	144		
DEMAND	0	10	14	30	1298	779	129		
DEMAND	0	10	15	0	1347	763	146		
DEMAND	0	10	15	30	1331	754	144		
DEMAND	0	10	16	0	1358	778	142		
DEMAND	0	10	16	30	1347	755	148		
DEMAND	0	10	17	0	1313	751	142		
DEMAND	0	10	17	30	1320	760	140		
DEMAND	0	10	18	0	1308	773	129		
DEMAND	0	10	18	30	1319	737	144		
DEMAND	0	10	19	0	1295	736	153		
DEMAND	0	10	19	30	1342	745	161		
DEMAND	0	10	20	0	1304	799	154		
DEMAND	0	10	20	30	1380	755	161		
DEMAND	0	10	21	0	1355	785	157		
DEMAND	0	10	21	30	1286	748	166		
DEMAND	0	10	22	0	1323	796	161		
DEMAND	0	10	22	30	1330	791	145		
DEMAND	0	10	23	0	1359	791	143		
DEMAND	0	10	23	30	1319	800	146		
DEMAND	0	10	24	0	1313	790	146		
DEMAND	0	10	24	30	1287	783	140		
DEMAND	0	10	25	0	1350	800	151		
DEMAND	0	10	25	30	1318	807	152		
DEMAND	0	10	26	0	1300	803	151		
DEMAND	0	10	26	30	1291	791	142		
DEMAND	0	10	27	0	1271	751	161		
DEMAND	0	10	27	30	1351	783	135		
DEMAND	0	10	28	0	1346	777	173		
DEMAND	0	10	28	30	1294	803	131		
DEMAND	0	10	29	0	1337	818	150		
DEMAND	0	10	29	30	1357	794	142		
DEMAND	0	10	30	0	1352	796	140		
DEMAND	0	10	30	30	1323	780	144		
DEMAND	0	10	31	0	1316	794	131		
DEMAND	0	10	31	30	1324	794	160		
DEMAND	0	10	32	0	1269	762	146		
DEMAND	0	10	32	30	1311	777	162		
DEMAND	0	10	33	0	1303	802	133		
DEMAND	0	10	33	30	1270	788	121		
DEMAND	0	10	34	0	1258	779	135		
DEMAND	0	10	34	30	1281	775	130		
DEMAND	0	10	35	0	1299	769	134		
DEMAND	0	10	35	30	1303	814	156		
DEMAND	0	10	36	0	1241	804	117		
DEMAND	0	10	36	30	1330	790	122		
DEMAND	0	10	37	0	1228	770	116		
DEMAND	0	10	37	30	1315	771	113		
DEMAND	0	10	38	0	1286	794	149		
DEMAND	0	10	38	30	1297	807	143		
DEMAND	0	10	39	0	1266	775	132		
DEMAND	0	10	39	30	1288	799	125		
DEMAND	0	10	40	0	1295	810	138		
DEMAND	0	10	40	30	1313	769	141		
DEMAND	0	10	41	0	1264	826	127		
DEMAND	0	10	41	30	1244	806	131		
DEMAND	0	10	42	0	1219	816	133		
DEMAND	0	10	42	30	1242	803	129		
DEMAND	0	10	43	0	1242	810	128		
DEMAND	0	10	43	30	1227	803	122		
DEMAND	0	10	44	0	1261	802	119		
DEMAND	0	10	44	30	1217	784	137		
DEMAND	0	10	45	0	1262	800	112		
DEMAND	0	10	45	30	1294	813	139		
DEMAND	0	10	46	0	1246	800	118		
DEMAND	0	10	46	30	1212	800	153		
DEMAND	0	10	47	0	1204	792	134		
DEMAND	0	10	47	30	1211	783	139		
DEMAND	0	10	48	0	1253	815	128		
DEMAND	0	10	48	30	1267	795	133		
DEMAND	0	10	49	0	1276	797	130		
DEMAND	0	10	49	30	1268	808	116		
DEMAND	0	10	50	0	1262	839	140		
DEMAND	0	10	50	30	1277	808	122		
DEMAND	0	10	51	0	1231	776	141		
DEMAND	0	10	51	30	1238	833	130		
DEMAND	0	10	52	0	1257	782	124		
DEMAND	0	10	52	30	1252	816	132		
DEMAND	0	10	53	0	1178	832	118		
DEMAND	0	10	53	30	1178	832	141		
DEMAND	0	10	54	0	1220	816	127		
DEMAND	0	10	54	30	1221	791	133		
DEMAND	0	10	55	0	1212	784	119		
DEMAND	0	10	55	30	1229	823	143		
DEMAND	0	10	56	0	1255	796	136		
DEMAND	0	10	56	30	1255	800	140		
DEMAND	0	10	57	0	1246	809	118		
DEMAND	0	10	57	30	1181	825	114		
DEMAND	0	10	58	0	1220	831	136		
DEMAND	0	10	58	30	1239	826	116		
DEMAND	0	10	59	0	1214	828	121		
DEMAND	0	10	59	30	1196	826	128		
DEMAND	0	11	0	0	1181	802	143		
DEMAND	0	11	0	30	1216	833	126		
DEMAND	0	11	1	0	1168	800	123		
DEMAND	0	11	1	30	1227	833	137		
DEMAND	0	11	2	0	1198	818	128		
DEMAND	0	11	2	30	1146	833	130		
DEMAND	0	11	3	0	1152	801	132		
DEMAND	0	11	3	30	1144	835	127		
DEMAND	0	11	4	0	1183	797	118		
DEMAND	0	11	4	30	1207	842	114		
DEMAND	0	11	5	0	1164	802	122		
DEMAND	0	11	5	30	1145	812	124		
DEMAND	0	11	6	0	1154	819	131		
DEMAND	0	11	6	30	1148	810	117		
DEMAND	0	11	7	0	1178	813	135		
DEMAND	0	11	7	30	1174	821	128		
DEMAND	0	11	8	0	1153	810	120		
DEMAND	0	11	8	30	1212	839	111		
DEMAND	0	11	9	0	1148	819	138		
DEMAND	0	11	9	30	1189	804	133		
DEMAND	0	11	10	0	1132	835	140		
DEMAND	0	11	10	30	1162	810	125		
DEMAND	0	11	11	0	1182	818	130		
DEMAND	0	11	11	30	1149	842	126		
DEMAND	0	11	12	0	1198	814	121		
DEMAND	0	11	12	30	1119	817	134		
DEMAND	0	11	13	0	1170	821	119		
DEMAND	0	11	13	30	1148	804	127		
DEMAND	0	11	14	0	1130	834	126		
DEMAND	0	11	14	30	1108	801	122		
DEMAND	0	11	15	0	1159	827	131		
DEMAND	0	11	15	30	1160	819	137		
DEMAND	0	11	16	0	1111	838	140		
DEMAND	0	11	16	30	1152	822	125		
DEMAND	0	11	17	0	1094	827	119		
DEMAND	0	11	17	30	1090	815	117		
DEMAND	0	11	18	0	1091	833	126		
DEMAND	0	11	18	30	1155	830	138		
DEMAND	0	11	19	0	1120	836	136		
DEMAND	0	11	19	30	1132	808	134		
DEMAND	0	11	20	0	1107	811	138		
DEMAND	0	11	20	30	1088	838	128		
DEMAND	0	11	21	0	1093	819	138		
DEMAND	0	11	21	30	1146	824	137		
DEMAND	0	11	22	0	1118	836	139		
DEMAND	0	11	22	30	1072	841	135		
DEMAND	0	11	23	0	1136	833	134		
DEMAND	0	11	23	30	1117	833	127		
DEMAND	0	11	24	0	1131	823	127		
DEMAND	0	11	24	30	1095	816	135		
DEMAND	0	11	25	0	1141	818	127		
DEMAND	0	11	25	30	1056	833	120		
DEMAND	0	11	26	0	1093	827	116		
DEMAND	0	11	26	30	1069	837	115		
DEMAND	0	11	27	0	1140	824	127		
DEMAND	0	11	27	30	1055	826	123		
DEMAND	0	11	28	0	1111	809	117		
DEMAND	0	11	28	30	1089	832	138		
DEMAND	0	11	29	0	1111	849	130		
DEMAND	0	11	29	30	1106	831	123		
DEMAND	0	11	30	0	1063	828	122		
DEMAND	0	11	30	30	1053	812	123		
DEMAND	0	11	31	0	1055	850	134		
DEMAND	0	11	31	30	1087	825	133		
DEMAND	0	11	32	0	1096	823	125		
DEMAND	0	11	32	30	1039	829	123		
DEMAND	0	11	33	0	1074	827	120		
DEMAND	0	11	33	30	1054	833	117		
DEMAND	0	11	34	0	1045	817	121		
DEMAND	0	11	34	30	1093	821	139		
DEMAND	0	11	35	0	1048	842	132		
DEMAND	0	11	35	30	1098	822	130		
DEMAND	0	11	36	0	1099	830	119		
DEMAND	0	11	36	30	1023	807	122		
DEMAND	0	11	37	0	1062	830	135		
DEMAND	0	11	37	30	1043	802	133		
DEMAND	0	11	38	0	1084	833	128		
DEMAND	0	11	38	30	1079	818	123		
DEMAND	0	11	39	0	1019	813	121		
DEMAND	0	11	39	30	1012	827	122		
DEMAND	0	11	40	0	1065	813	117		
DEMAND	0	11	40	30	1088	821	128		
DEMAND	0	11	41	0	1017	812	114		
DEMAND	0	11	41	30	1014	829	124		
DEMAND	0	11	42	0	1016	826	129		
DEMAND	0	11	42	30	1046	810	134		
DEMAND	0	11	43	0	1073	806	130		
DEMAND	0	11	43	30	1054	815	132		
DEMAND	0	11	44	0	1039	818	126		
DEMAND	0	11	44	30	1017	836	126		
DEMAND	0	11	45	0	1021	822	117		
DEMAND	0	11	45	30	995	815	123		
DEMAND	0	11	46	0	999	808	126		
DEMAND	0	11	46	30	1002	831	129		
DEMAND	0	11	47	0	981	832	132		
DEMAND	0	11	47	30	1021	818	131		
DEMAND	0	11	48	0	1022	812	114		
DEMAND	0	11	48	30	988	816	115		
DEMAND	0	11	49	0	1050	804	125		
DEMAND	0	11	49	30	1028	816	127		
DEMAND	0	11	50	0	1055	829	134		
DEMAND	0	11	50	30	1047	805	130		
DEMAND	0	11	51	0	1050	822	117		
DEMAND	0	11	51	30	991	806	128		
DEMAND	0	11	52	0	1028	820	133		
DEMAND	0	11	52	30	989	824	134		
DEMAND	0	11	53	0	978	822	117		
DEMAND	0	11	53	30	1014	823	130		
DEMAND	0	11	54	0	992	814	132		
DEMAND	0	11	54	30	976	809	118		
DEMAND	0	11	55	0	1025	797	119		
DEMAND	0	11	55	30	983	817	124		
DEMAND	0	11	56	0	997	816	129		
DEMAND	0	11	56	30	1012	820	114		
DEMAND	0	11	57	0	959	815	131		
DEMAND	0	11	57	30	1027	815	124		
DEMAND	0	11	58	0	1008	809	127		
DEMAND	0	11	58	30	999	805	131		
DEMAND	0	11	59	0	967	799	120		
DEMAND	0	11	59	30	982	793	125		
DEMAND	0	12	0	0	948	810	116		
DEMAND	0	12	0	30	974	803	127		
DEMAND	0	12	1	0	961	784	129		
DEMAND	0	12	1	30	946	807	122		
DEMAND	0	12	2	0	958	792	121		
DEMAND	0	12	2	30	958	804	125		
DEMAND	0	12	3	0	986	809	127		
DEMAND	0	12	3	30	1006	788	120		
DEMAND	0	12	4	0	936	786	120		
DEMAND	0	12	4	30	938	810	123		
DEMAND	0	12	5	0	948	805	122		
DEMAND	0	12	5	30	966	786	113		
DEMAND	0	12	6	0	944	799	128		
DEMAND	0	12	6	30	938	798	122		
DEMAND	0	12	7	0	981	799	123		
DEMAND	0	12	7	30	943	779	126		
DEMAND	0	12	8	0	971	798	120		
DEMAND	0	12	8	30	977	793	117		
DEMAND	0	12	9	0	984	800	119		
DEMAND	0	12	9	30	966	770	120		
DEMAND	0	12	10	0	925	790	118		
DEMAND	0	12	10	30	924	793	117		
DEMAND	0	12	11	0	973	772	119		
DEMAND	0	12	11	30	953	782	124		
DEMAND	0	12	12	0	917	792	120		
DEMAND	0	12	12	30	964	783	115		
DEMAND	0	12	13	0	928	799	119		
DEMAND	0	12	13	30	948	790	121		
DEMAND	0	12	14	0	956	767	116		
DEMAND	0	12	14	30	924	790	114		
DEMAND	0	12	15	0	933	768	114		
DEMAND	0	12	15	30	924	790	120		
DEMAND	0	12	16	0	943	780	116		
DEMAND	0	12	16	30	934	770	115		
DEMAND	0	12	17	0	911	776	123		
DEMAND	0	12	17	30	951	767	123		
DEMAND	0	12	18	0	920	789	119		
DEMAND	0	12	18	30	923	773	117		
DEMAND	0	12	19	0	934	771	123		
DEMAND	0	12	19	30	955	772	117		
DEMAND	0	12	20	0	952	783	119		
DEMAND	0	12	20	30	911	767	121		
DEMAND	0	12	21	0	944	755	112		
DEMAND	0	12	21	30	919	754	114		
DEMAND	0	12	22	0	905	752	112		
DEMAND	0	12	22	30	921	750	118		
DEMAND	0	12	23	0	900	765	116		
DEMAND	0	12	23	30	903	769	112		
DEMAND	0	12	24	0	904	774	115		
DEMAND	0	12	24	30	928	758	111		
DEMAND	0	12	25	0	939	752	115		
DEMAND	0	12	25	30	908	745	110		
DEMAND	0	12	26	0	908	755	115		
DEMAND	0	12	26	30	924	757	110		
DEMAND	0	12	27	0	891	738	113		
DEMAND	0	12	27	30	893	766	117		
DEMAND	0	12	28	0	901	739	109		
DEMAND	0	12	28	30	894	734	107		
DEMAND	0	12	29	0	894	743	113		
DEMAND	0	12	29	30	897	753	111		
DEMAND	0	12	30	0	893	752	113		
DEMAND	0	12	30	30	897	759	115		
DEMAND	0	12	31	0	897	731	109		
DEMAND	0	12	31	30	892	763	110		
DEMAND	0	12	32	0	884	757	109		
DEMAND	0	12	32	30	885	735	114		
DEMAND	0	12	33	0	895	748	109		
DEMAND	0	12	33	30	916	754	107		
DEMAND	0	12	34	0	906	723	109		
DEMAND	0	12	34	30	885	726	109		
DEMAND	0	12	35	0	902	707	110		
DEMAND	0	12	35	30	884	741	109		
DEMAND	0	12	36	0	899	733	109		
DEMAND	0	12	36	30	881	744	111		
DEMAND	0	12	37	0	892	712	114		
DEMAND	0	12	37	30	899	708	111		
DEMAND	0	12	38	0	898	722	111		
DEMAND	0	12	38	30	881	726	113		
DEMAND	0	12	39	0	893	729	105		
DEMAND	0	12	39	30	883	732	108		
DEMAND	0	12	40	0	884	713	108		
DEMAND	0	12	40	30	890	734	110		
DEMAND	0	12	41	0	873	713	106		
DEMAND	0	12	41	30	879	727	107		
DEMAND	0	12	42	0	889	698	109		
DEMAND	0	12	42	30	901	720	110		
DEMAND	0	12	43	0	896	695	110		
DEMAND	0	12	43	30	887	685	106		
DEMAND	0	12	44	0	884	688	105		
DEMAND	0	12	44	30	880	695	111		
DEMAND	0	12	45	0	880	684	106		
DEMAND	0	12	45	30	875	705	107		
DEMAND	0	12	46	0	883	697	103		
DEMAND	0	12	46	30	876	689	105		
DEMAND	0	12	47	0	884	719	109		
DEMAND	0	12	47	30	882	689	110		
DEMAND	0	12	48	0	874	695	106		
DEMAND	0	12	48	30	871	700	106		
DEMAND	0	12	49	0	880	679	104		
DEMAND	0	12	49	30	884	699	107		
DEMAND	0	12	50	0	882	682	106		
DEMAND	0	12	50	30	868	683	105		
DEMAND	0	12	51	0	874	700	103		
DEMAND	0	12	51	30	866	669	105		
DEMAND	0	12	52	0	875	673	106		
DEMAND	0	12	52	30	872	686	104		
DEMAND	0	12	53	0	863	652	103		
DEMAND	0	12	53	30	874	651	102		
DEMAND	0	12	54	0	866	684	104		
DEMAND	0	12	54	30	867	660	106		
DEMAND	0	12	55	0	881	681	103		
DEMAND	0	12	55	30	876	677	106		
DEMAND	0	12	56	0	864	679	103		
DEMAND	0	12	56	30	860	684	107		
DEMAND	0	12	57	0	872	639	101		
DEMAND	0	12	57	30	870	657	104		
DEMAND	0	12	58	0	876	673	101		
DEMAND	0	12	58	30	868	683	103		
DEMAND	0	12	59	0	867	669	103		
DEMAND	0	12	59	30	864	678	101		
DEMAND	0	13	0	0	865	691	101		
DEMAND	0	13	0	30	862	672	104		
DEMAND	0	13	1	0	863	678	103		
DEMAND	0	13	1	30	872	650	103		
DEMAND	0	13	2	0	862	636	101		
DEMAND	0	13	2	30	864	664	100		
DEMAND	0	13	3	0	868	625	102		
DEMAND	0	13	3	30	869	627	101		
DEMAND	0	13	4	0	870	653	100		
DEMAND	0	13	4	30	866	643	103		
DEMAND	0	13	5	0	864	669	104		
DEMAND	0	13	5	30	862	645	100		
DEMAND	0	13	6	0	859	612	102		
DEMAND	0	13	6	30	860	623	101		
DEMAND	0	13	7	0	866	651	100		
DEMAND	0	13	7	30	863	633	101		
DEMAND	0	13	8	0	871	657	102		
DEMAND	0	13	8	30	866	604	101		
DEMAND	0	13	9	0	858	640	101		
DEMAND	0	13	9	30	865	611	100		
DEMAND	0	13	10	0	862	596	98		
DEMAND	0	13	10	30	861	598	99		
DEMAND	0	13	11	0	866	605	99		
DEMAND	0	13	11	30	853	607	98		
DEMAND	0	13	12	0	864	630	100		
DEMAND	0	13	12	30	870	603	98		
DEMAND	0	13	13	0	856	628	97		
DEMAND	0	13	13	30	865	607	100		
DEMAND	0	13	14	0	853	597	98		
DEMAND	0	13	14	30	874	621	100		
DEMAND	0	13	15	0	870	594	97		
DEMAND	0	13	15	30	865	586	96		
DEMAND	0	13	16	0	862	621	97		
DEMAND	0	13	16	30	860	574	98		
DEMAND	0	13	17	0	867	592	99		
DEMAND	0	13	17	30	851	599	98		
DEMAND	0	13	18	0	853	586	97		
DEMAND	0	13	18	30	867	608	96		
DEMAND	0	13	19	0	882	589	99		
DEMAND	0	13	19	30	866	604	95		
DEMAND	0	13	20	0	872	574	98		
DEMAND	0	13	20	30	870	583	96		
DEMAND	0	13	21	0	861	570	96		
DEMAND	0	13	21	30	876	550	96		
DEMAND	0	13	22	0	878	587	98		
DEMAND	0	13	22	30	863	598	96		
DEMAND	0	13	23	0	854	559	97		
DEMAND	0	13	23	30	858	598	96		
DEMAND	0	13	24	0	843	534	98		
DEMAND	0	13	24	30	863	580	96		
DEMAND	0	13	25	0	870	575	97		
DEMAND	0	13	25	30	864	545	96		
DEMAND	0	13	26	0	884	561	96		
DEMAND	0	13	26	30	877	554	97		
DEMAND	0	13	27	0	863	563	95		
DEMAND	0	13	27	30	868	564	95		
DEMAND	0	13	28	0	858	530	97		
DEMAND	0	13	28	30	877	527	96		
DEMAND	0	13	29	0	858	544	97		
DEMAND	0	13	29	30	884	509	95		
DEMAND	0	13	30	0	868	547	96		
DEMAND	0	13	30	30	852	574	97		
DEMAND	0	13	31	0	892	520	96		
DEMAND	0	13	31	30	874	555	97		
DEMAND	0	13	32	0	871	568	96		
DEMAND	0	13	32	30	866	564	94		
DEMAND	0	13	33	0	859	561	96		
DEMAND	0	13	33	30	852	568	94		
DEMAND	0	13	34	0	882	537	94		
DEMAND	0	13	34	30	882	517	95		
DEMAND	0	13	35	0	869	529	96		
DEMAND	0	13	35	30	854	542	95		
DEMAND	0	13	36	0	886	519	94		
DEMAND	0	13	36	30	878	515	97		
DEMAND	0	13	37	0	887	485	95		
DEMAND	0	13	37	30	889	518	93		
DEMAND	0	13	38	0	867	539	95		
DEMAND	0	13	38	30	888	552	95		
DEMAND	0	13	39	0	858	506	94		
DEMAND	0	13	39	30	881	467	94		
DEMAND	0	13	40	0	861	499	95		
DEMAND	0	13	40	30	899	521	97		
DEMAND	0	13	41	0	870	474	95		
DEMAND	0	13	41	30	885	488	94		
DEMAND	0	13	42	0	859	518	93		
DEMAND	0	13	42	30	917	474	96		
DEMAND	0	13	43	0	870	520	95		
DEMAND	0	13	43	30	917	469	94		
DEMAND	0	13	44	0	859	474	96		
DEMAND	0	13	44	30	908	490	93		
DEMAND	0	13	45	0	867	473	96		
DEMAND	0	13	45	30	873	491	96		
DEMAND	0	13	46	0	903	510	91		
DEMAND	0	13	46	30	894	500	94		
DEMAND	0	13	47	0	882	494	96		
DEMAND	0	13	47	30	907	479	94		
DEMAND	0	13	48	0	886	482	96		
DEMAND	0	13	48	30	914	493	92		
DEMAND	0	13	49	0	867	462	94		
DEMAND	0	13	49	30	881	483	93		
DEMAND	0	13	50	0	895	467	97		
DEMAND	0	13	50	30	933	448	94		
DEMAND	0	13	51	0	868	441	93		
DEMAND	0	13	51	30	884	475	94		
DEMAND	0	13	52	0	870	463	93		
DEMAND	0	13	52	30	885	465	92		
DEMAND	0	13	53	0	900	468	96		
DEMAND	0	13	53	30	883	451	94		
DEMAND	0	13	54	0	921	415	96		
DEMAND	0	13	54	30	904	487	92		
DEMAND	0	13	55	0	894	418	95		
DEMAND	0	13	55	30	915	427	97		
DEMAND	0	13	56	0	900	456	95		
DEMAND	0	13	56	30	889	450	92		
DEMAND	0	13	57	0	895	405	91		
DEMAND	0	13	57	30	908	435	95		
DEMAND	0	13	58	0	883	432	94		
DEMAND	0	13	58	30	898	418	94		
DEMAND	0	13	59	0	902	436	94		
DEMAND	0	13	59	30	898	409	95		
DEMAND	0	14	0	0	954	433	94		
DEMAND	0	14	0	30	923	398	96		
DEMAND	0	14	1	0	932	450	96		
DEMAND	0	14	1	30	904	428	95		
DEMAND	0	14	2	0	916	431	96		
DEMAND	0	14	2	30	894	427	94		
DEMAND	0	14	3	0	894	393	94		
DEMAND	0	14	3	30	948	422	93		
DEMAND	0	14	4	0	909	425	96		
DEMAND	0	14	4	30	904	419	97		
DEMAND	0	14	5	0	924	423	92		
DEMAND	0	14	5	30	922	408	95		
DEMAND	0	14	6	0	917	406	97		
DEMAND	0	14	6	30	938	374	94		
DEMAND	0	14	7	0	897	388	95		
DEMAND	0	14	7	30	894	392	98		
DEMAND	0	14	8	0	911	422	94		
DEMAND	0	14	8	30	937	419	91		
DEMAND	0	14	9	0	950	391	91		
DEMAND	0	14	9	30	948	354	96		
DEMAND	0	14	10	0	956	371	94		
DEMAND	0	14	10	30	953	388	94		
DEMAND	0	14	11	0	905	367	97		
DEMAND	0	14	11	30	920	420	98		
DEMAND	0	14	12	0	911	332	94		
DEMAND	0	14	12	30	972	367	97		
DEMAND	0	14	13	0	966	354	98		
DEMAND	0	14	13	30	981	375	94		
DEMAND	0	14	14	0	911	350	97		
DEMAND	0	14	14	30	961	356	94		
DEMAND	0	14	15	0	936	361	98		
DEMAND	0	14	15	30	981	378	100		
DEMAND	0	14	16	0	974	344	93		
DEMAND	0	14	16	30	987	368	96		
DEMAND	0	14	17	0	943	321	97		
DEMAND	0	14	17	30	941	364	94		
DEMAND	0	14	18	0	917	353	100		
DEMAND	0	14	18	30	1001	345	95		
DEMAND	0	14	19	0	970	359	92		
DEMAND	0	14	19	30	990	327	100		
DEMAND	0	14	20	0	945	326	101		
DEMAND	0	14	20	30	920	335	92		
DEMAND	0	14	21	0	934	310	94		
DEMAND	0	14	21	30	975	338	99		
DEMAND	0	14	22	0	929	322	95		
DEMAND	0	14	22	30	1015	327	98		
DEMAND	0	14	23	0	950	330	98		
DEMAND	0	14	23	30	945	329	103		
DEMAND	0	14	24	0	1015	301	96		
DEMAND	0	14	24	30	967	340	100		
DEMAND	0	14	25	0	1019	351	99		
DEMAND	0	14	25	30	988	325	95		
DEMAND	0	14	26	0	934	287	94		
DEMAND	0	14	26	30	997	330	97		
DEMAND	0	14	27	0	981	316	101		
DEMAND	0	14	27	30	993	323	101		
DEMAND	0	14	28	0	1000	317	96		
DEMAND	0	14	28	30	977	318	102		
DEMAND	0	14	29	0	949	322	99		
DEMAND	0	14	29	30	950	336	94		
DEMAND	0	14	30	0	975	328	97		
DEMAND	0	14	30	30	973	333	100		
DEMAND	0	14	31	0	1001	304	101		
DEMAND	0	14	31	30	1012	287	96		
DEMAND	0	14	32	0	1004	311	100		
DEMAND	0	14	32	30	978	301	102		
DEMAND	0	14	33	0	942	285	98		
DEMAND	0	14	33	30	968	280	105		
DEMAND	0	14	34	0	996	294	97		
DEMAND	0	14	34	30	1001	289	100		
DEMAND	0	14	35	0	1033	270	101		
DEMAND	0	14	35	30	980	287	98		
DEMAND	0	14	36	0	998	286	98		
DEMAND	0	14	36	30	983	281	103		
DEMAND	0	14	37	0	980	294	99		
DEMAND	0	14	37	30	991	268	98		
DEMAND	0	14	38	0	1033	262	103		
DEMAND	0	14	38	30	983	306	104		
DEMAND	0	14	39	0	1038	285	99		
DEMAND	0	14	39	30	1009	280	102		
DEMAND	0	14	40	0	993	297	105		
DEMAND	0	14	40	30	1038	292	104		
DEMAND	0	14	41	0	1025	237	98		
DEMAND	0	14	41	30	1037	234	98		
DEMAND	0	14	42	0	1049	233	105		
DEMAND	0	14	42	30	1013	268	105		
DEMAND	0	14	43	0	1060	244	98		
DEMAND	0	14	43	30	1049	284	101		
DEMAND	0	14	44	0	1028	275	103		
DEMAND	0	14	44	30	1062	278	102		
DEMAND	0	14	45	0	990	269	98		
DEMAND	0	14	45	30	1010	215	107		
DEMAND	0	14	46	0	1013	212	98		
DEMAND	0	14	46	30	982	233	102		
DEMAND	0	14	47	0	1074	233	104		
DEMAND	0	14	47	30	1051	262	108		
DEMAND	0	14	48	0	1033	254	103		
DEMAND	0	14	48	30	1003	249	111		
DEMAND	0	14	49	0	1065	247	99		
DEMAND	0	14	49	30	1061	244	103		
DEMAND	0	14	50	0	1079	232	101		
DEMAND	0	14	50	30	1042	203	103		
DEMAND	0	14	51	0	1019	201	102		
DEMAND	0	14	51	30	1018	216	102		
DEMAND	0	14	52	0	1068	208	103		
DEMAND	0	14	52	30	1024	207	112		
DEMAND	0	14	53	0	1052	222	112		
DEMAND	0	14	53	30	1072	239	102		
DEMAND	0	14	54	0	1051	212	107		
DEMAND	0	14	54	30	1069	232	114		
DEMAND	0	14	55	0	1019	237	101		
DEMAND	0	14	55	30	1006	201	99		
DEMAND	0	14	56	0	1081	200	115		
DEMAND	0	14	56	30	1079	233	108		
DEMAND	0	14	57	0	1076	221	110		
DEMAND	0	14	57	30	1088	214	103		
DEMAND	0	14	58	0	1012	207	106		
DEMAND	0	14	58	30	1041	182	104		
DEMAND	0	14	59	0	1089	174	113		
DEMAND	0	14	59	30	1042	215	107		
DEMAND	0	15	0	0	1037	221	106		
DEMAND	0	15	0	30	1084	190	108		
DEMAND	0	15	1	0	1100	187	105		
DEMAND	0	15	1	30	1029	185	114		
DEMAND	0	15	2	0	1074	188	109		
DEMAND	0	15	2	30	1120	181	115		
DEMAND	0	15	3	0	1084	213	112		
DEMAND	0	15	3	30	1098	200	116		
DEMAND	0	15	4	0	1107	192	111		
DEMAND	0	15	4	30	1079	171	119		
DEMAND	0	15	5	0	1099	157	109		
DEMAND	0	15	5	30	1068	195	115		
DEMAND	0	15	6	0	1118	172	114		
DEMAND	0	15	6	30	1040	164	110		
DEMAND	0	15	7	0	1129	182	108		
DEMAND	0	15	7	30	1052	177	108		
DEMAND	0	15	8	0	1044	191	105		
DEMAND	0	15	8	30	1113	185	113		
DEMAND	0	15	9	0	1133	163	103		
DEMAND	0	15	9	30	1112	166	111		
DEMAND	0	15	10	0	1061	157	105		
DEMAND	0	15	10	30	1118	153	104		
DEMAND	0	15	11	0	1113	177	119		
DEMAND	0	15	11	30	1071	172	110		
DEMAND	0	15	12	0	1081	169	119		
DEMAND	0	15	12	30	1126	184	119		
DEMAND	0	15	13	0	1084	176	108		
DEMAND	0	15	13	30	1142	196	115		
DEMAND	0	15	14	0	1071	172	114		
DEMAND	0	15	14	30	1081	184	122		
DEMAND	0	15	15	0	1170	168	119		
DEMAND	0	15	15	30	1094	161	104		
DEMAND	0	15	16	0	1147	163	104		
DEMAND	0	15	16	30	1084	165	112		
DEMAND	0	15	17	0	1150	183	124		
DEMAND	0	15	17	30	1078	151	123		
DEMAND	0	15	18	0	1098	164	116		
DEMAND	0	15	18	30	1106	161	121		
DEMAND	0	15	19	0	1109	158	125		
DEMAND	0	15	19	30	1140	202	121		
DEMAND	0	15	20	0	1150	159	121		
DEMAND	0	15	20	30	1087	174	122		
DEMAND	0	15	21	0	1075	153	123		
DEMAND	0	15	21	30	1074	162	112		
DEMAND	0	15	22	0	1100	148	112		
DEMAND	0	15	22	30	1071	152	109		
DEMAND	0	15	23	0	1119	155	117		
DEMAND	0	15	23	30	1138	152	124		
DEMAND	0	15	24	0	1132	199	117		
DEMAND	0	15	24	30	1165	193	125		
DEMAND	0	15	25	0	1157	153	115		
DEMAND	0	15	25	30	1153	184	130		
DEMAND	0	15	26	0	1157	143	123		
DEMAND	0	15	26	30	1085	165	108		
DEMAND	0	15	27	0	1160	134	115		
DEMAND	0	15	27	30	1180	176	107		
DEMAND	0	15	28	0	1102	183	115		
DEMAND	0	15	28	30	1119	142	123		
DEMAND	0	15	29	0	1175	153	125		
DEMAND	0	15	29	30	1183	164	123		
DEMAND	0	15	30	0	1160	148	120		
DEMAND	0	15	30	30	1156	172	111		
DEMAND	0	15	31	0	1161	171	123		
DEMAND	0	15	31	30	1133	144	126		
DEMAND	0	15	32	0	1114	153	128		
DEMAND	0	15	32	30	1121	158	127		
DEMAND	0	15	33	0	1156	190	124		
DEMAND	0	15	33	30	1167	150	119		
DEMAND	0	15	34	0	1138	175	126		
DEMAND	0	15	34	30	1130	166	122		
DEMAND	0	15	35	0	1200	177	126		
DEMAND	0	15	35	30	1141	143	128		
DEMAND	0	15	36	0	1129	132	127		
DEMAND	0	15	36	30	1140	150	127		
DEMAND	0	15	37	0	1190	147	118		
DEMAND	0	15	37	30	1183	177	127		
DEMAND	0	15	38	0	1144	149	115		
DEMAND	0	15	38	30	1149	181	116		
DEMAND	0	15	39	0	1188	165	123		
DEMAND	0	15	39	30	1137	149	131		
DEMAND	0	15	40	0	1178	142	129		
DEMAND	0	15	40	30	1205	167	115		
DEMAND	0	15	41	0	1201	147	126		
DEMAND	0	15	41	30	1142	172	119		
DEMAND	0	15	42	0	1186	128	128		
DEMAND	0	15	42	30	1206	161	128		
DEMAND	0	15	43	0	1145	151	114		
DEMAND	0	15	43	30	1187	165	121		
DEMAND	0	15	44	0	1151	157	126		
DEMAND	0	15	44	30	1166	179	138		
DEMAND	0	15	45	0	1181	175	126		
DEMAND	0	15	45	30	1143	164	123		
DEMAND	0	15	46	0	1205	155	128		
DEMAND	0	15	46	30	1170	169	137		
DEMAND	0	15	47	0	1192	161	132		
DEMAND	0	15	47	30	1197	125	137		
DEMAND	0	15	48	0	1214	159	126		
DEMAND	0	15	48	30	1187	130	134		
DEMAND	0	15	49	0	1169	154	128		
DEMAND	0	15	49	30	1226	162	119		
DEMAND	0	15	50	0	1164	135	130		
DEMAND	0	15	50	30	1211	131	131		
DEMAND	0	15	51	0	1163	155	134		
DEMAND	0	15	51	30	1209	132	128		
DEMAND	0	15	52	0	1226	124	140		
DEMAND	0	15	52	30	1222	147	128		
DEMAND	0	15	53	0	1178	157	124		
DEMAND	0	15	53	30	1188	142	146		
DEMAND	0	15	54	0	1168	153	137		
DEMAND	0	15	54	30	1169	125	121		
DEMAND	0	15	55	0	1217	141	127		
DEMAND	0	15	55	30	1198	134	139		
DEMAND	0	15	56	0	1219	119	138		
DEMAND	0	15	56	30	1221	154	127		
DEMAND	0	15	57	0	1197	165	134		
DEMAND	0	15	57	30	1176	164	126		
DEMAND	0	15	58	0	1178	143	120		
DEMAND	0	15	58	30	1206	132	142		
DEMAND	0	15	59	0	1180	164	136		
DEMAND	0	15	59	30	1220	142	127		
DEMAND	0	16	0	0	1249	150	143		
DEMAND	0	16	0	30	1167	140	138		
DEMAND	0	16	1	0	1234	134	135		
DEMAND	0	16	1	30	1226	154	132		
DEMAND	0	16	2	0	1209	153	147		
DEMAND	0	16	2	30	1178	117	142		
DEMAND	0	16	3	0	1196	148	136		
DEMAND	0	16	3	30	1179	133	144		
DEMAND	0	16	4	0	1210	166	133		
DEMAND	0	16	4	30	1233	140	139		
DEMAND	0	16	5	0	1216	142	148		
DEMAND	0	16	5	30	1228	147	149		
DEMAND	0	16	6	0	1208	143	140		
DEMAND	0	16	6	30	1224	122	126		
DEMAND	0	16	7	0	1181	117	134		
DEMAND	0	16	7	30	1213	127	153		
DEMAND	0	16	8	0	1216	123	130		
DEMAND	0	16	8	30	1197	134	141		
DEMAND	0	16	9	0	1205	136	139		
DEMAND	0	16	9	30	1231	124	133		
DEMAND	0	16	10	0	1209	123	135		
DEMAND	0	16	10	30	1230	165	149		
DEMAND	0	16	11	0	1188	164	152		
DEMAND	0	16	11	30	1204	131	135		
DEMAND	0	16	12	0	1207	125	158		
DEMAND	0	16	12	30	1185	144	153		
DEMAND	0	16	13	0	1186	149	153		
DEMAND	0	16	13	30	1219	137	142		
DEMAND	0	16	14	0	1238	125	150		
DEMAND	0	16	14	30	1239	128	144		
DEMAND	0	16	15	0	1200	110	152		
DEMAND	0	16	15	30	1248	118	151		
DEMAND	0	16	16	0	1171	135	146		
DEMAND	0	16	16	30	1221	136	149		
DEMAND	0	16	17	0	1184	125	142		
DEMAND	0	16	17	30	1218	106	148		
DEMAND	0	16	18	0	1228	159	160		
DEMAND	0	16	18	30	1222	177	137		
DEMAND	0	16	19	0	1207	153	141		
DEMAND	0	16	19	30	1219	107	155		
DEMAND	0	16	20	0	1227	152	147		
DEMAND	0	16	20	30	1221	160	149		
DEMAND	0	16	21	0	1185	123	154		
DEMAND	0	16	21	30	1231	133	160		
DEMAND	0	16	22	0	1215	104	170		
DEMAND	0	16	22	30	1203	161	147		
DEMAND	0	16	23	0	1208	112	145		
DEMAND	0	16	23	30	1227	158	150		
DEMAND	0	16	24	0	1230	149	169		
DEMAND	0	16	24	30	1243	166	147		
DEMAND	0	16	25	0	1222	155	155		
DEMAND	0	16	25	30	1189	138	162		
DEMAND	0	16	26	0	1210	132	140		
DEMAND	0	16	26	30	1232	133	149		
DEMAND	0	16	27	0	1226	122	156		
DEMAND	0	16	27	30	1215	112	168		
DEMAND	0	16	28	0	1222	164	152		
DEMAND	0	16	28	30	1214	109	163		
DEMAND	0	16	29	0	1208	131	157		
DEMAND	0	16	29	30	1227	134	154		
DEMAND	0	16	30	0	1201	142	164		
DEMAND	0	16	30	30	1218	136	172		
DEMAND	0	16	31	0	1231	125	162		
DEMAND	0	16	31	30	1237	148	156		
DEMAND	0	16	32	0	1227	119	160		
DEMAND	0	16	32	30	1222	137	167		
DEMAND	0	16	33	0	1216	147	160		
DEMAND	0	16	33	30	1218	132	155		
DEMAND	0	16	34	0	1198	108	167		
DEMAND	0	16	34	30	1191	126	163		
DEMAND	0	16	35	0	1233	107	162		
DEMAND	0	16	35	30	1224	113	158		
DEMAND	0	16	36	0	1224	129	181		
DEMAND	0	16	36	30	1247	145	164		
DEMAND	0	16	37	0	1227	152	167		
DEMAND	0	16	37	30	1206	140	169		
DEMAND	0	16	38	0	1232	150	181		
DEMAND	0	16	38	30	1186	110	158		
DEMAND	0	16	39	0	1195	109	184		
DEMAND	0	16	39	30	1220	145	160		
DEMAND	0	16	40	0	1235	128	170		
DEMAND	0	16	40	30	1228	163	162		
DEMAND	0	16	41	0	1217	133	181		
DEMAND	0	16	41	30	1200	157	172		
DEMAND	0	16	42	0	1232	141	178		
DEMAND	0	16	42	30	1212	143	184		
DEMAND	0	16	43	0	1205	145	174		
DEMAND	0	16	43	30	1235	92	190		
DEMAND	0	16	44	0	1223	126	189		
DEMAND	0	16	44	30	1217	157	190		
DEMAND	0	16	45	0	1204	144	186		
DEMAND	0	16	45	30	1228	126	184		
DEMAND	0	16	46	0	1204	149	192		
DEMAND	0	16	46	30	1211	93	184		
DEMAND	0	16	47	0	1196	113	178		
DEMAND	0	16	47	30	1193	147	188		
DEMAND	0	16	48	0	1198	126	187		
DEMAND	0	16	48	30	1198	121	193		
DEMAND	0	16	49	0	1225	144	207		
DEMAND	0	16	49	30	1177	108	205		
DEMAND	0	16	50	0	1214	147	199		
DEMAND	0	16	50	30	1191	150	196		
DEMAND	0	16	51	0	1203	153	212		
DEMAND	0	16	51	30	1211	119	201		
DEMAND	0	16	52	0	1204	98	207		
DEMAND	0	16	52	30	1210	149	202		
DEMAND	0	16	53	0	1215	109	209		
DEMAND	0	16	53	30	1193	163	191		
DEMAND	0	16	54	0	1182	137	220		
DEMAND	0	16	54	30	1215	120	222		
DEMAND	0	16	55	0	1197	126	232		
DEMAND	0	16	55	30	1205	144	224		
DEMAND	0	16	56	0	1205	112	226		
DEMAND	0	16	56	30	1205	149	235		
DEMAND	0	16	57	0	1179	154	223		
DEMAND	0	16	57	30	1173	114	244		
DEMAND	0	16	58	0	1210	115	231		
DEMAND	0	16	58	30	1178	143	240		
DEMAND	0	16	59	0	1170	134	261		
DEMAND	0	16	59	30	1202	152	261		
DEMAND	0	17	0	0	1212	144	258		
DEMAND	0	17	0	30	1204	142	264		
DEMAND	0	17	1	0	1200	122	253		
DEMAND	0	17	1	30	1176	114	255		
DEMAND	0	17	2	0	1189	100	262		
DEMAND	0	17	2	30	1157	109	260		
DEMAND	0	17	3	0	1184	159	258		
DEMAND	0	17	3	30	1205	91	254		
DEMAND	0	17	4	0	1188	131	259		
DEMAND	0	17	4	30	1192	150	260		
DEMAND	0	17	5	0	1178	101	250		
DEMAND	0	17	5	30	1167	119	253		
DEMAND	0	17	6	0	1180	106	256		
DEMAND	0	17	6	30	1175	122	269		
DEMAND	0	17	7	0	1178	147	252		
DEMAND	0	17	7	30	1192	155	238		
DEMAND	0	17	8	0	1167	140	253		
DEMAND	0	17	8	30	1191	148	260		
DEMAND	0	17	9	0	1172	140	261		
DEMAND	0	17	9	30	1177	169	261		
DEMAND	0	17	10	0	1145	141	254		
DEMAND	0	17	10	30	1169	152	250		
DEMAND	0	17	11	0	1179	152	256		
DEMAND	0	17	11	30	1169	137	254		
DEMAND	0	17	12	0	1162	158	265		
DEMAND	0	17	12	30	1174	140	256		
DEMAND	0	17	13	0	1146	145	244		
DEMAND	0	17	13	30	1172	123	260		
DEMAND	0	17	14	0	1164	126	265		
DEMAND	0	17	14	30	1175	143	263		
DEMAND	0	17	15	0	1145	137	264		
DEMAND	0	17	15	30	1170	104	255		
DEMAND	0	17	16	0	1156	110	263		
DEMAND	0	17	16	30	1126	133	254		
DEMAND	0	17	17	0	1136	133	259		
DEMAND	0	17	17	30	1150	154	275		
DEMAND	0	17	18	0	1139	133	267		
DEMAND	0	17	18	30	1158	135	249		
DEMAND	0	17	19	0	1149	148	264		
DEMAND	0	17	19	30	1115	153	273		
DEMAND	0	17	20	0	1131	129	253		
DEMAND	0	17	20	30	1158	120	279		
DEMAND	0	17	21	0	1136	132	276		
DEMAND	0	17	21	30	1132	124	265		
DEMAND	0	17	22	0	1148	158	267		
DEMAND	0	17	22	30	1148	132	275		
DEMAND	0	17	23	0	1143	139	260		
DEMAND	0	17	23	30	1125	108	267		
DEMAND	0	17	24	0	1155	119	277		
DEMAND	0	17	24	30	1140	122	272		
DEMAND	0	17	25	0	1126	163	270		
DEMAND	0	17	25	30	1126	137	271		
DEMAND	0	17	26	0	1142	143	274		
DEMAND	0	17	26	30	1123	155	268		
DEMAND	0	17	27	0	1130	117	266		
DEMAND	0	17	27	30	1103	167	269		
DEMAND	0	17	28	0	1096	118	266		
DEMAND	0	17	28	30	1089	120	268		
DEMAND	0	17	29	0	1104	139	280		
DEMAND	0	17	29	30	1090	138	256		
DEMAND	0	17	30	0	1122	132	281		
DEMAND	0	17	30	30	1109	161	264		
DEMAND	0	17	31	0	1122	170	272		
DEMAND	0	17	31	30	1091	138	268		
DEMAND	0	17	32	0	1123	164	258		
DEMAND	0	17	32	30	1109	129	269		
DEMAND	0	17	33	0	1104	130	267		
DEMAND	0	17	33	30	1061	114	286		
DEMAND	0	17	34	0	1103	132	280		
DEMAND	0	17	34	30	1050	153	267		
DEMAND	0	17	35	0	1056	126	286		
DEMAND	0	17	35	30	1087	156	277		
DEMAND	0	17	36	0	1080	156	266		
DEMAND	0	17	36	30	1067	125	278		
DEMAND	0	17	37	0	1079	148	295		
DEMAND	0	17	37	30	1087	113	289		
DEMAND	0	17	38	0	1068	136	278		
DEMAND	0	17	38	30	1074	135	287		
DEMAND	0	17	39	0	1100	116	278		
DEMAND	0	17	39	30	1063	160	276		
DEMAND	0	17	40	0	1046	135	288		
DEMAND	0	17	40	30	1082	133	278		
DEMAND	0	17	41	0	1037	127	294		
DEMAND	0	17	41	30	1023	140	275		
DEMAND	0	17	42	0	1036	135	283		
DEMAND	0	17	42	30	1045	138	283		
DEMAND	0	17	43	0	1070	137	294		
DEMAND	0	17	43	30	1084	108	291		
DEMAND	0	17	44	0	1073	155	282		
DEMAND	0	17	44	30	1045	150	300		
DEMAND	0	17	45	0	1044	144	292		
DEMAND	0	17	45	30	1048	133	273		
DEMAND	0	17	46	0	1041	159	296		
DEMAND	0	17	46	30	1045	151	297		
DEMAND	0	17	47	0	1031	120	284		
DEMAND	0	17	47	30	1056	125	299		
DEMAND	0	17	48	0	1010	149	284		
DEMAND	0	17	48	30	1025	128	295		
DEMAND	0	17	49	0	1044	150	312		
DEMAND	0	17	49	30	1030	112	289		
DEMAND	0	17	50	0	1012	123	296		
DEMAND	0	17	50	30	1052	117	317		
DEMAND	0	17	51	0	991	145	303		
DEMAND	0	17	51	30	985	133	296		
DEMAND	0	17	52	0	988	127	288		
DEMAND	0	17	52	30	1028	123	297		
DEMAND	0	17	53	0	1024	125	285		
DEMAND	0	17	53	30	1019	132	293		
DEMAND	0	17	54	0	1008	120	292		
DEMAND	0	17	54	30	1000	153	303		
DEMAND	0	17	55	0	1017	152	299		
DEMAND	0	17	55	30	986	136	315		
DEMAND	0	17	56	0	1027	139	306		
DEMAND	0	17	56	30	1004	142	313		
DEMAND	0	17	57	0	979	124	321		
DEMAND	0	17	57	30	978	136	301		
DEMAND	0	17	58	0	959	144	326		
DEMAND	0	17	58	30	949	129	305		
DEMAND	0	17	59	0	957	157	323		
DEMAND	0	17	59	30	966	144	306		
DEMAND	0	18	0	0	949	158	305		
DEMAND	0	18	0	30	986	139	314		
DEMAND	0	18	1	0	983	118	326		
DEMAND	0	18	1	30	991	122	311		
DEMAND	0	18	2	0	905	147	329		
DEMAND	0	18	2	30	992	127	304		
DEMAND	0	18	3	0	975	143	322		
DEMAND	0	18	3	30	980	134	340		
DEMAND	0	18	4	0	960	128	317		
DEMAND	0	18	4	30	955	120	317		
DEMAND	0	18	5	0	936	120	323		
DEMAND	0	18	5	30	906	141	332		
DEMAND	0	18	6	0	904	145	322		
DEMAND	0	18	6	30	930	148	325		
DEMAND	0	18	7	0	970	128	317		
DEMAND	0	18	7	30	936	139	337		
DEMAND	0	18	8	0	930	124	326		
DEMAND	0	18	8	30	900	150	316		
DEMAND	0	18	9	0	922	127	318		
DEMAND	0	18	9	30	887	136	323		
DEMAND	0	18	10	0	929	142	330		
DEMAND	0	18	10	30	934	142	340		
DEMAND	0	18	11	0	944	137	322		
DEMAND	0	18	11	30	907	135	333		
DEMAND	0	18	12	0	964	134	354		
DEMAND	0	18	12	30	935	148	333		
DEMAND	0	18	13	0	924	129	346		
DEMAND	0	18	13	30	933	145	340		
DEMAND	0	18	14	0	932	141	351		
DEMAND	0	18	14	30	890	122	362		
DEMAND	0	18	15	0	846	152	363		
DEMAND	0	18	15	30	870	131	356		
DEMAND	0	18	16	0	866	140	334		
DEMAND	0	18	16	30	906	139	359		
DEMAND	0	18	17	0	841	127	347		
DEMAND	0	18	17	30	886	138	336		
DEMAND	0	18	18	0	862	125	358		
DEMAND	0	18	18	30	836	128	357		
DEMAND	0	18	19	0	898	148	360		
DEMAND	0	18	19	30	876	125	353		
DEMAND	0	18	20	0	867	143	345		
DEMAND	0	18	20	30	877	149	356		
DEMAND	0	18	21	0	865	141	349		
DEMAND	0	18	21	30	848	146	372		
DEMAND	0	18	22	0	851	132	379		
DEMAND	0	18	22	30	901	145	373		
DEMAND	0	18	23	0	832	142	362		
DEMAND	0	18	23	30	823	127	366		
DEMAND	0	18	24	0	787	125	389		
DEMAND	0	18	24	30	818	125	367		
DEMAND	0	18	25	0	839	142	355		
DEMAND	0	18	25	30	834	126	380		
DEMAND	0	18	26	0	836	143	380		
DEMAND	0	18	26	30	796	142	390		
DEMAND	0	18	27	0	838	145	375		
DEMAND	0	18	27	30	838	133	384		
DEMAND	0	18	28	0	820	143	406		
DEMAND	0	18	28	30	799	140	383		
DEMAND	0	18	29	0	797	134	382		
DEMAND	0	18	29	30	845	138	405		
DEMAND	0	18	30	0	807	128	399		
DEMAND	0	18	30	30	801	140	410		
DEMAND	0	18	31	0	783	142	409		
DEMAND	0	18	31	30	809	136	392		
DEMAND	0	18	32	0	832	142	398		
DEMAND	0	18	32	30	819	132	398		
DEMAND	0	18	33	0	842	148	388		
DEMAND	0	18	33	30	771	148	397		
DEMAND	0	18	34	0	767	128	401		
DEMAND	0	18	34	30	790	133	372		
DEMAND	0	18	35	0	819	130	400		
DEMAND	0	18	35	30	783	130	392		
DEMAND	0	18	36	0	788	126	409		
DEMAND	0	18	36	30	741	138	413		
DEMAND	0	18	37	0	750	145	402		
DEMAND	0	18	37	30	796	137	391		
DEMAND	0	18	38	0	760	134	403		
DEMAND	0	18	38	30	738	129	393		
DEMAND	0	18	39	0	794	133	408		
DEMAND	0	18	39	30	733	135	410		
DEMAND	0	18	40	0	732	127	424		
DEMAND	0	18	40	30	761	143	428		
DEMAND	0	18	41	0	738	142	411		
DEMAND	0	18	41	30	767	139	421		
DEMAND	0	18	42	0	763	144	431		
DEMAND	0	18	42	30	773	142	424		
DEMAND	0	18	43	0	700	123	410		
DEMAND	0	18	43	30	762	134	397		
DEMAND	0	18	44	0	705	138	401		
DEMAND	0	18	44	30	742	135	448		
DEMAND	0	18	45	0	759	126	450		
DEMAND	0	18	45	30	733	144	420		
DEMAND	0	18	46	0	729	131	414		
DEMAND	0	18	46	30	733	122	439		
DEMAND	0	18	47	0	702	124	454		
DEMAND	0	18	47	30	658	130	414		
DEMAND	0	18	48	0	678	134	455		
DEMAND	0	18	48	30	673	123	465		
DEMAND	0	18	49	0	718	141	453		
DEMAND	0	18	49	30	652	137	467		
DEMAND	0	18	50	0	642	135	447		
DEMAND	0	18	50	30	700	139	447		
DEMAND	0	18	51	0	698	125	430		
DEMAND	0	18	51	30	711	126	463		
DEMAND	0	18	52	0	681	127	474		
DEMAND	0	18	52	30	685	140	426		
DEMAND	0	18	53	0	700	129	469		
DEMAND	0	18	53	30	666	133	474		
DEMAND	0	18	54	0	703	124	481		
DEMAND	0	18	54	30	678	123	464		
DEMAND	0	18	55	0	640	130	455		
DEMAND	0	18	55	30	606	134	446		
DEMAND	0	18	56	0	660	121	449		
DEMAND	0	18	56	30	639	131	477		
DEMAND	0	18	57	0	695	134	456		
DEMAND	0	18	57	30	636	124	450		
DEMAND	0	18	58	0	589	133	473		
DEMAND	0	18	58	30	636	125	481		
DEMAND	0	18	59	0	592	124	451		
DEMAND	0	18	59	30	671	127	496		
DEMAND	0	19	0	0	593	123	492		
DEMAND	0	19	0	30	596	122	465		
DEMAND	0	19	1	0	594	123	492		
DEMAND	0	19	1	30	574	133	480		
DEMAND	0	19	2	0	622	126	506		
DEMAND	0	19	2	30	591	123	470		
DEMAND	0	19	3	0	565	126	493		
DEMAND	0	19	3	30	604	127	471		
DEMAND	0	19	4	0	589	125	482		
DEMAND	0	19	4	30	555	122	471		
DEMAND	0	19	5	0	589	127	488		
DEMAND	0	19	5	30	538	133	487		
DEMAND	0	19	6	0	633	131	503		
DEMAND	0	19	6	30	590	126	488		
DEMAND	0	19	7	0	555	128	512		
DEMAND	0	19	7	30	577	125	482		
DEMAND	0	19	8	0	612	126	480		
DEMAND	0	19	8	30	578	130	471		
DEMAND	0	19	9	0	531	129	488		
DEMAND	0	19	9	30	583	125	513		
DEMAND	0	19	10	0	554	126	517		
DEMAND	0	19	10	30	600	125	490		
DEMAND	0	19	11	0	581	129	527		
DEMAND	0	19	11	30	535	118	494		
DEMAND	0	19	12	0	564	125	526		
DEMAND	0	19	12	30	564	126	498		
DEMAND	0	19	13	0	535	123	530		
DEMAND	0	19	13	30	484	119	546		
DEMAND	0	19	14	0	579	123	502		
DEMAND	0	19	14	30	591	118	500		
DEMAND	0	19	15	0	519	121	512		
DEMAND	0	19	15	30	495	120	510		
DEMAND	0	19	16	0	547	119	513		
DEMAND	0	19	16	30	481	122	523		
DEMAND	0	19	17	0	511	119	532		
DEMAND	0	19	17	30	487	124	506		
DEMAND	0	19	18	0	479	125	538		
DEMAND	0	19	18	30	538	121	547		
DEMAND	0	19	19	0	495	120	538		
DEMAND	0	19	19	30	540	121	548		
DEMAND	0	19	20	0	456	121	556		
DEMAND	0	19	20	30	477	117	530		
DEMAND	0	19	21	0	494	115	536		
DEMAND	0	19	21	30	478	120	583		
DEMAND	0	19	22	0	515	118	546		
DEMAND	0	19	22	30	518	119	536		
DEMAND	0	19	23	0	507	122	574		
DEMAND	0	19	23	30	520	119	538		
DEMAND	0	19	24	0	513	115	557		
DEMAND	0	19	24	30	477	116	536		
DEMAND	0	19	25	0	497	118	537		
DEMAND	0	19	25	30	425	118	558		
DEMAND	0	19	26	0	507	115	559		
DEMAND	0	19	26	30	444	117	537		
DEMAND	0	19	27	0	471	119	583		
DEMAND	0	19	27	30	460	115	588		
DEMAND	0	19	28	0	510	113	556		
DEMAND	0	19	28	30	460	118	575		
DEMAND	0	19	29	0	461	111	586		
DEMAND	0	19	29	30	455	118	561		
DEMAND	0	19	30	0	480	117	553		
DEMAND	0	19	30	30	484	116	549		
DEMAND	0	19	31	0	470	112	586		
DEMAND	0	19	31	30	422	115	591		
DEMAND	0	19	32	0	449	118	588		
DEMAND	0	19	32	30	436	117	595		
DEMAND	0	19	33	0	418	115	598		
DEMAND	0	19	33	30	458	115	583		
DEMAND	0	19	34	0	427	115	565		
DEMAND	0	19	34	30	455	113	602		
DEMAND	0	19	35	0	453	113	589		
DEMAND	0	19	35	30	407	112	579		
DEMAND	0	19	36	0	438	113	612		
DEMAND	0	19	36	30	409	107	616		
DEMAND	0	19	37	0	358	113	588		
DEMAND	0	19	37	30	402	111	597		
DEMAND	0	19	38	0	437	112	589		
DEMAND	0	19	38	30	395	108	605		
DEMAND	0	19	39	0	380	107	620		
DEMAND	0	19	39	30	427	110	602		
DEMAND	0	19	40	0	408	109	589		
DEMAND	0	19	40	30	359	111	605		
DEMAND	0	19	41	0	382	108	628		
DEMAND	0	19	41	30	354	110	588		
DEMAND	0	19	42	0	388	105	588		
DEMAND	0	19	42	30	390	110	623		
DEMAND	0	19	43	0	382	108	611		
DEMAND	0	19	43	30	365	109	624		
DEMAND	0	19	44	0	337	107	608		
DEMAND	0	19	44	30	354	108	632		
DEMAND	0	19	45	0	371	109	644		
DEMAND	0	19	45	30	377	107	633		
DEMAND	0	19	46	0	357	104	628		
DEMAND	0	19	46	30	303	104	631		
DEMAND	0	19	47	0	369	107	638		
DEMAND	0	19	47	30	299	105	632		
DEMAND	0	19	48	0	321	105	619		
DEMAND	0	19	48	30	338	108	616		
DEMAND	0	19	49	0	332	107	643		
DEMAND	0	19	49	30	360	104	641		
DEMAND	0	19	50	0	349	105	617		
DEMAND	0	19	50	30	362	104	622		
DEMAND	0	19	51	0	357	105	645		
DEMAND	0	19	51	30	350	103	662		
DEMAND	0	19	52	0	317	104	628		
DEMAND	0	19	52	30	312	106	656		
DEMAND	0	19	53	0	296	105	638		
DEMAND	0	19	53	30	316	103	647		
DEMAND	0	19	54	0	328	104	635		
DEMAND	0	19	54	30	333	104	643		
DEMAND	0	19	55	0	287	101	662		
DEMAND	0	19	55	30	266	101	619		
DEMAND	0	19	56	0	289	101	651		
DEMAND	0	19	56	30	276	101	639		
DEMAND	0	19	57	0	278	102	640		
DEMAND	0	19	57	30	281	101	651		
DEMAND	0	19	58	0	309	102	685		
DEMAND	0	19	58	30	250	99	651		
DEMAND	0	19	59	0	283	100	651		
DEMAND	0	19	59	30	267	99	680		
DEMAND	0	20	0	0	232	100	680		
DEMAND	0	20	0	30	287	100	688		
DEMAND	0	20	1	0	276	100	652		
DEMAND	0	20	1	30	250	101	686		
DEMAND	0	20	2	0	242	101	661		
DEMAND	0	20	2	30	285	100	659		
DEMAND	0	20	3	0	303	97	679		
DEMAND	0	20	3	30	260	99	688		
DEMAND	0	20	4	0	237	98	691		
DEMAND	0	20	4	30	251	101	663		
DEMAND	0	20	5	0	260	96	665		
DEMAND	0	20	5	30	248	98	700		
DEMAND	0	20	6	0	247	98	669		
DEMAND	0	20	6	30	253	98	678		
DEMAND	0	20	7	0	249	96	685		
DEMAND	0	20	7	30	235	96	703		
DEMAND	0	20	8	0	263	97	682		
DEMAND	0	20	8	30	274	97	711		
DEMAND	0	20	9	0	258	96	700		
DEMAND	0	20	9	30	211	95	681		
DEMAND	0	20	10	0	236	95	693		
DEMAND	0	20	10	30	248	94	704		
DEMAND	0	20	11	0	247	95	715		
DEMAND	0	20	11	30	252	94	707		
DEMAND	0	20	12	0	236	94	679		
DEMAND	0	20	12	30	251	94	696		
DEMAND	0	20	13	0	251	94	693		
DEMAND	0	20	13	30	260	94	703		
DEMAND	0	20	14	0	243	93	724		
DEMAND	0	20	14	30	268	94	725		
DEMAND	0	20	15	0	239	95	715		
DEMAND	0	20	15	30	259	93	708		
DEMAND	0	20	16	0	198	93	709		
DEMAND	0	20	16	30	232	94	713		
DEMAND	0	20	17	0	216	94	726		
DEMAND	0	20	17	30	201	93	708		
DEMAND	0	20	18	0	209	95	689		
DEMAND	0	20	18	30	253	93	714		
DEMAND	0	20	19	0	222	94	708		
DEMAND	0	20	19	30	208	93	743		
DEMAND	0	20	20	0	221	91	736		
DEMAND	0	20	20	30	229	95	735		
DEMAND	0	20	21	0	232	90	741		
DEMAND	0	20	21	30	256	93	732		
DEMAND	0	20	22	0	209	92	730		
DEMAND	0	20	22	30	262	93	742		
DEMAND	0	20	23	0	222	91	708		
DEMAND	0	20	23	30	257	92	740		
DEMAND	0	20	24	0	237	93	714		
DEMAND	0	20	24	30	200	94	759		
DEMAND	0	20	25	0	230	94	719		
DEMAND	0	20	25	30	251	88	733		
DEMAND	0	20	26	0	195	91	717		
DEMAND	0	20	26	30	210	90	724		
DEMAND	0	20	27	0	218	89	744		
DEMAND	0	20	27	30	235	90	747		
DEMAND	0	20	28	0	226	88	745		
DEMAND	0	20	28	30	225	90	736		
DEMAND	0	20	29	0	241	91	742		
DEMAND	0	20	29	30	193	91	756		
DEMAND	0	20	30	0	222	85	742		
DEMAND	0	20	30	30	223	91	751		
DEMAND	0	20	31	0	234	87	738		
DEMAND	0	20	31	30	205	85	732		
DEMAND	0	20	32	0	225	89	746		
DEMAND	0	20	32	30	185	91	733		
DEMAND	0	20	33	0	213	89	739		
DEMAND	0	20	33	30	219	91	750		
DEMAND	0	20	34	0	232	87	729		
DEMAND	0	20	34	30	179	88	750		
DEMAND	0	20	35	0	191	91	753		
DEMAND	0	20	35	30	192	89	773		
DEMAND	0	20	36	0	188	85	771		
DEMAND	0	20	36	30	203	88	752		
DEMAND	0	20	37	0	187	90	776		
DEMAND	0	20	37	30	195	87	776		
DEMAND	0	20	38	0	216	88	750		
DEMAND	0	20	38	30	169	87	759		
DEMAND	0	20	39	0	219	87	737		
DEMAND	0	20	39	30	194	83	766		
DEMAND	0	20	40	0	183	87	756		
DEMAND	0	20	40	30	199	88	753		
DEMAND	0	20	41	0	214	85	756		
DEMAND	0	20	41	30	168	88	762		
DEMAND	0	20	42	0	181	88	793		
DEMAND	0	20	42	30	208	82	777		
DEMAND	0	20	43	0	158	85	789		
DEMAND	0	20	43	30	217	88	783		
DEMAND	0	20	44	0	180	87	782		
DEMAND	0	20	44	30	164	83	766		
DEMAND	0	20	45	0	177	88	783		
DEMAND	0	20	45	30	192	84	776		
DEMAND	0	20	46	0	188	89	771		
DEMAND	0	20	46	30	187	86	797		
DEMAND	0	20	47	0	160	88	767		
DEMAND	0	20	47	30	212	88	771		
DEMAND	0	20	48	0	168	82	786		
DEMAND	0	20	48	30	219	87	787		
DEMAND	0	20	49	0	201	89	786		
DEMAND	0	20	49	30	170	88	769		
DEMAND	0	20	50	0	169	79	772		
DEMAND	0	20	50	30	172	85	786		
DEMAND	0	20	51	0	166	82	781		
DEMAND	0	20	51	30	166	84	786		
DEMAND	0	20	52	0	192	85	784		
DEMAND	0	20	52	30	156	83	787		
DEMAND	0	20	53	0	179	85	786		
DEMAND	0	20	53	30	152	80	801		
DEMAND	0	20	54	0	153	87	790		
DEMAND	0	20	54	30	154	83	793		
DEMAND	0	20	55	0	134	81	794		
DEMAND	0	20	55	30	132	87	780		
DEMAND	0	20	56	0	152	87	801		
DEMAND	0	20	56	30	135	79	793		
DEMAND	0	20	57	0	162	85	797		
DEMAND	0	20	57	30	175	83	807		
DEMAND	0	20	58	0	182	83	805		
DEMAND	0	20	58	30	142	86	810		
DEMAND	0	20	59	0	177	88	800		
DEMAND	0	20	59	30	171	86	807		
DEMAND	0	21	0	0	186	83	796		
DEMAND	0	21	0	30	150	85	799		
DEMAND	0	21	1	0	159	88	803		
DEMAND	0	21	1	30	138	83	788		
DEMAND	0	21	2	0	138	80	807		
DEMAND	0	21	2	30	125	85	805		
DEMAND	0	21	3	0	161	81	808		
DEMAND	0	21	3	30	180	80	819		
DEMAND	0	21	4	0	180	81	806		
DEMAND	0	21	4	30	151	80	813		
DEMAND	0	21	5	0	148	85	806		
DEMAND	0	21	5	30	178	85	812		
DEMAND	0	21	6	0	112	85	813		
DEMAND	0	21	6	30	124	86	808		
DEMAND	0	21	7	0	139	86	817		
DEMAND	0	21	7	30	145	84	822		
DEMAND	0	21	8	0	135	88	811		
DEMAND	0	21	8	30	175	83	811		
DEMAND	0	21	9	0	172	81	812		
DEMAND	0	21	9	30	157	83	811		
DEMAND	0	21	10	0	164	86	815		
DEMAND	0	21	10	30	137	81	819		
DEMAND	0	21	11	0	178	78	811		
DEMAND	0	21	11	30	159	75	818		
DEMAND	0	21	12	0	134	90	813		
DEMAND	0	21	12	30	114	87	823		
DEMAND	0	21	13	0	157	79	824		
DEMAND	0	21	13	30	123	86	817		
DEMAND	0	21	14	0	93	87	816		
DEMAND	0	21	14	30	97	76	821		
DEMAND	0	21	15	0	139	85	809		
DEMAND	0	21	15	30	134	83	821		
DEMAND	0	21	16	0	140	79	816		
DEMAND	0	21	16	30	154	87	825		
DEMAND	0	21	17	0	135	86	813		
DEMAND	0	21	17	30	128	78	813		
DEMAND	0	21	18	0	131	76	814		
DEMAND	0	21	18	30	129	88	820		
DEMAND	0	21	19	0	107	82	824		
DEMAND	0	21	19	30	85	80	822		
DEMAND	0	21	20	0	96	85	834		
DEMAND	0	21	20	30	101	86	832		
DEMAND	0	21	21	0	129	88	836		
DEMAND	0	21	21	30	131	86	817		
DEMAND	0	21	22	0	107	82	822		
DEMAND	0	21	22	30	136	84	824		
DEMAND	0	21	23	0	136	86	831		
DEMAND	0	21	23	30	105	82	824		
DEMAND	0	21	24	0	89	79	822		
DEMAND	0	21	24	30	153	84	826		
DEMAND	0	21	25	0	143	83	835		
DEMAND	0	21	25	30	119	85	833		
DEMAND	0	21	26	0	128	76	835		
DEMAND	0	21	26	30	121	81	822		
DEMAND	0	21	27	0	87	86	816		
DEMAND	0	21	27	30	138	90	827		
DEMAND	0	21	28	0	86	76	836		
DEMAND	0	21	28	30	126	85	831		
DEMAND	0	21	29	0	112	84	827		
DEMAND	0	21	29	30	82	87	818		
DEMAND	0	21	30	0	123	78	826		
DEMAND	0	21	30	30	150	82	827		
DEMAND	0	21	31	0	114	90	824		
DEMAND	0	21	31	30	107	85	834		
DEMAND	0	21	32	0	84	77	822		
DEMAND	0	21	32	30	141	86	837		
DEMAND	0	21	33	0	112	75	828		
DEMAND	0	21	33	30	80	88	821		
DEMAND	0	21	34	0	102	75	836		
DEMAND	0	21	34	30	118	75	835		
DEMAND	0	21	35	0	168	83	819		
DEMAND	0	21	35	30	149	78	829		
DEMAND	0	21	36	0	102	77	822		
DEMAND	0	21	36	30	116	87	836		
DEMAND	0	21	37	0	131	79	824		
DEMAND	0	21	37	30	104	89	829		
DEMAND	0	21	38	0	98	82	822		
DEMAND	0	21	38	30	117	80	828		
DEMAND	0	21	39	0	141	80	829		
DEMAND	0	21	39	30	123	76	819		
DEMAND	0	21	40	0	82	92	829		
DEMAND	0	21	40	30	111	81	831		
DEMAND	0	21	41	0	148	82	829		
DEMAND	0	21	41	30	107	85	833		
DEMAND	0	21	42	0	159	91	832		
DEMAND	0	21	42	30	110	83	840		
DEMAND	0	21	43	0	134	87	823		
DEMAND	0	21	43	30	149	80	831		
DEMAND	0	21	44	0	168	79	819		
DEMAND	0	21	44	30	167	80	833		
DEMAND	0	21	45	0	97	89	823		
DEMAND	0	21	45	30	119	87	836		
DEMAND	0	21	46	0	118	84	822		
DEMAND	0	21	46	30	137	79	824		
DEMAND	0	21	47	0	170	85	815		
DEMAND	0	21	47	30	103	82	826		
DEMAND	0	21	48	0	133	84	826		
DEMAND	0	21	48	30	174	90	825		
DEMAND	0	21	49	0	114	87	829		
DEMAND	0	21	49	30	121	83	837		
DEMAND	0	21	50	0	106	92	828		
DEMAND	0	21	50	30	155	84	829		
DEMAND	0	21	51	0	118	92	830		
DEMAND	0	21	51	30	120	85	828		
DEMAND	0	21	52	0	119	79	829		
DEMAND	0	21	52	30	135	88	829		
DEMAND	0	21	53	0	130	84	819		
DEMAND	0	21	53	30	183	85	817		
DEMAND	0	21	54	0	100	82	837		
DEMAND	0	21	54	30	144	80	814		
DEMAND	0	21	55	0	134	90	831		
DEMAND	0	21	55	30	80	86	828		
DEMAND	0	21	56	0	84	80	814		
DEMAND	0	21	56	30	156	86	821		
DEMAND	0	21	57	0	114	93	815		
DEMAND	0	21	57	30	158	91	827		
DEMAND	0	21	58	0	91	81	817		
DEMAND	0	21	58	30	89	88	819		
DEMAND	0	21	59	0	171	86	834		
DEMAND	0	21	59	30	111	77	834		
DEMAND	0	22	0	0	117	80	809		
DEMAND	0	22	0	30	162	82	810		
DEMAND	0	22	1	0	171	87	829		
DEMAND	0	22	1	30	169	81	813		
DEMAND	0	22	2	0	138	88	838		
DEMAND	0	22	2	30	98	89	827		
DEMAND	0	22	3	0	178	88	836		
DEMAND	0	22	3	30	88	94	799		
DEMAND	0	22	4	0	134	83	819		
DEMAND	0	22	4	30	158	82	840		
DEMAND	0	22	5	0	126	91	813		
DEMAND	0	22	5	30	154	82	820		
DEMAND	0	22	6	0	142	91	821		
DEMAND	0	22	6	30	105	91	812		
DEMAND	0	22	7	0	148	91	827		
DEMAND	0	22	7	30	120	86	796		
DEMAND	0	22	8	0	114	98	817		
DEMAND	0	22	8	30	169	75	794		
DEMAND	0	22	9	0	94	77	826		
DEMAND	0	22	9	30	136	91	823		
DEMAND	0	22	10	0	152	86	820		
DEMAND	0	22	10	30	106	92	815		
DEMAND	0	22	11	0	163	85	826		
DEMAND	0	22	11	30	99	89	808		
DEMAND	0	22	12	0	184	85	795		
DEMAND	0	22	12	30	171	81	821		
DEMAND	0	22	13	0	126	94	821		
DEMAND	0	22	13	30	176	87	821		
DEMAND	0	22	14	0	121	89	798		
DEMAND	0	22	14	30	156	85	797		
DEMAND	0	22	15	0	132	91	810		
DEMAND	0	22	15	30	105	85	810		
DEMAND	0	22	16	0	108	88	826		
DEMAND	0	22	16	30	175	78	790		
DEMAND	0	22	17	0	139	92	821		
DEMAND	0	22	17	30	135	78	811		
DEMAND	0	22	18	0	130	93	791		
DEMAND	0	22	18	30	122	101	804		
DEMAND	0	22	19	0	199	84	795		
DEMAND	0	22	19	30	106	78	792		
DEMAND	0	22	20	0	173	84	814		
DEMAND	0	22	20	30	144	86	790		
DEMAND	0	22	21	0	161	88	802		
DEMAND	0	22	21	30	151	94	792		
DEMAND	0	22	22	0	149	93	792		
DEMAND	0	22	22	30	163	85	818		
DEMAND	0	22	23	0	162	91	804		
DEMAND	0	22	23	30	154	85	789		
DEMAND	0	22	24	0	136	87	795		
DEMAND	0	22	24	30	143	85	793		
DEMAND	0	22	25	0	127	96	787		
DEMAND	0	22	25	30	137	79	796		
DEMAND	0	22	26	0	163	80	811		
DEMAND	0	22	26	30	185	84	811		
DEMAND	0	22	27	0	214	89	815		
DEMAND	0	22	27	30	162	93	782		
DEMAND	0	22	28	0	172	99	776		
DEMAND	0	22	28	30	156	96	796		
DEMAND	0	22	29	0	177	91	780		
DEMAND	0	22	29	30	182	85	787		
DEMAND	0	22	30	0	173	86	799		
DEMAND	0	22	30	30	124	85	787		
DEMAND	0	22	31	0	117	97	774		
DEMAND	0	22	31	30	136	94	798		
DEMAND	0	22	32	0	157	86	799		
DEMAND	0	22	32	30	140	90	772		
DEMAND	0	22	33	0	143	94	790		
DEMAND	0	22	33	30	143	90	765		
DEMAND	0	22	34	0	134	91	777		
DEMAND	0	22	34	30	188	97	776		
DEMAND	0	22	35	0	191	81	751		
DEMAND	0	22	35	30	153	103	776		
DEMAND	0	22	36	0	190	81	795		
DEMAND	0	22	36	30	116	87	758		
DEMAND	0	22	37	0	194	100	791		
DEMAND	0	22	37	30	171	89	795		
DEMAND	0	22	38	0	176	104	757		
DEMAND	0	22	38	30	128	93	776		
DEMAND	0	22	39	0	153	91	798		
DEMAND	0	22	39	30	190	81	795		
DEMAND	0	22	40	0	127	94	773		
DEMAND	0	22	40	30	189	103	751		
DEMAND	0	22	41	0	153	87	779		
DEMAND	0	22	41	30	133	89	760		
DEMAND	0	22	42	0	181	85	784		
DEMAND	0	22	42	30	191	95	758		
DEMAND	0	22	43	0	134	86	756		
DEMAND	0	22	43	30	170	98	777		
DEMAND	0	22	44	0	196	92	757		
DEMAND	0	22	44	30	169	95	754		
DEMAND	0	22	45	0	171	105	767		
DEMAND	0	22	45	30	167	92	766		
DEMAND	0	22	46	0	174	93	743		
DEMAND	0	22	46	30	145	101	763		
DEMAND	0	22	47	0	194	102	785		
DEMAND	0	22	47	30	146	100	750		
DEMAND	0	22	48	0	178	88	739		
DEMAND	0	22	48	30	185	106	768		
DEMAND	0	22	49	0	175	108	774		
DEMAND	0	22	49	30	178	108	770		
DEMAND	0	22	50	0	166	105	756		
DEMAND	0	22	50	30	177	99	770		
DEMAND	0	22	51	0	194	104	739		
DEMAND	0	22	51	30	164	96	747		
DEMAND	0	22	52	0	193	91	743		
DEMAND	0	22	52	30	166	102	748		
DEMAND	0	22	53	0	161	92	742		
DEMAND	0	22	53	30	158	96	761		
DEMAND	0	22	54	0	163	98	775		
DEMAND	0	22	54	30	177	103	739		
DEMAND	0	22	55	0	157	97	761		
DEMAND	0	22	55	30	151	95	734		
DEMAND	0	22	56	0	193	99	743		
DEMAND	0	22	56	30	153	109	745		
DEMAND	0	22	57	0	142	104	754		
DEMAND	0	22	57	30	156	108	749		
DEMAND	0	22	58	0	150	92	761		
DEMAND	0	22	58	30	164	104	753		
DEMAND	0	22	59	0	177	97	733		
DEMAND	0	22	59	30	182	96	743		
DEMAND	0	23	0	0	167	99	710		
DEMAND	0	23	0	30	145	105	723		
DEMAND	0	23	1	0	160	112	722		
DEMAND	0	23	1	30	148	103	728		
DEMAND	0	23	2	0	145	103	713		
DEMAND	0	23	2	30	151	97	718		
DEMAND	0	23	3	0	176	108	740		
DEMAND	0	23	3	30	186	106	724		
DEMAND	0	23	4	0	179	115	742		
DEMAND	0	23	4	30	188	120	698		
DEMAND	0	23	5	0	152	110	724		
DEMAND	0	23	5	30	159	125	712		
DEMAND	0	23	6	0	145	96	732		
DEMAND	0	23	6	30	160	100	715		
DEMAND	0	23	7	0	142	107	720		
DEMAND	0	23	7	30	196	93	716		
DEMAND	0	23	8	0	199	105	713		
DEMAND	0	23	8	30	158	96	731		
DEMAND	0	23	9	0	195	101	707		
DEMAND	0	23	9	30	159	112	705		
DEMAND	0	23	10	0	198	114	724		
DEMAND	0	23	10	30	179	105	699		
DEMAND	0	23	11	0	169	102	719		
DEMAND	0	23	11	30	173	112	734		
DEMAND	0	23	12	0	154	122	711		
DEMAND	0	23	12	30	169	118	710		
DEMAND	0	23	13	0	165	109	691		
DEMAND	0	23	13	30	158	104	716		
DEMAND	0	23	14	0	196	105	722		
DEMAND	0	23	14	30	182	112	710		
DEMAND	0	23	15	0	181	115	693		
DEMAND	0	23	15	30	195	112	721		
DEMAND	0	23	16	0	169	114	704		
DEMAND	0	23	16	30	158	112	677		
DEMAND	0	23	17	0	186	115	672		
DEMAND	0	23	17	30	154	115	688		
DEMAND	0	23	18	0	176	122	676		
DEMAND	0	23	18	30	162	120	682		
DEMAND	0	23	19	0	153	118	696		
DEMAND	0	23	19	30	165	119	702		
DEMAND	0	23	20	0	177	115	656		
DEMAND	0	23	20	30	182	132	680		
DEMAND	0	23	21	0	196	128	709		
DEMAND	0	23	21	30	192	129	666		
DEMAND	0	23	22	0	181	118	705		
DEMAND	0	23	22	30	184	118	658		
DEMAND	0	23	23	0	173	121	659		
DEMAND	0	23	23	30	199	130	654		
DEMAND	0	23	24	0	177	127	710		
DEMAND	0	23	24	30	167	124	663		
DEMAND	0	23	25	0	168	122	659		
DEMAND	0	23	25	30	178	125	657		
DEMAND	0	23	26	0	168	125	688		
DEMAND	0	23	26	30	173	129	669		
DEMAND	0	23	27	0	186	133	669		
DEMAND	0	23	27	30	171	137	659		
DEMAND	0	23	28	0	168	140	676		
DEMAND	0	23	28	30	176	143	650		
DEMAND	0	23	29	0	160	125	653		
DEMAND	0	23	29	30	162	140	656		
DEMAND	0	23	30	0	174	128	673		
DEMAND	0	23	30	30	169	143	640		
DEMAND	0	23	31	0	188	146	652		
DEMAND	0	23	31	30	165	127	683		
DEMAND	0	23	32	0	180	132	662		
DEMAND	0	23	32	30	155	135	670		
DEMAND	0	23	33	0	175	137	630		
DEMAND	0	23	33	30	165	135	673		
DEMAND	0	23	34	0	162	141	656		
DEMAND	0	23	34	30	191	137	660		
DEMAND	0	23	35	0	159	134	682		
DEMAND	0	23	35	30	174	152	676		
DEMAND	0	23	36	0	186	145	655		
DEMAND	0	23	36	30	191	151	639		
DEMAND	0	23	37	0	188	138	632		
DEMAND	0	23	37	30	170	140	663		
DEMAND	0	23	38	0	161	145	665		
DEMAND	0	23	38	30	165	151	629		
DEMAND	0	23	39	0	179	160	618		
DEMAND	0	23	39	30	174	152	646		
DEMAND	0	23	40	0	191	142	653		
DEMAND	0	23	40	30	160	144	621		
DEMAND	0	23	41	0	177	146	627		
DEMAND	0	23	41	30	161	157	669		
DEMAND	0	23	42	0	166	148	656		
DEMAND	0	23	42	30	183	145	628		
DEMAND	0	23	43	0	161	161	614		
DEMAND	0	23	43	30	192	167	629		
DEMAND	0	23	44	0	191	165	614		
DEMAND	0	23	44	30	180	156	643		
DEMAND	0	23	45	0	180	165	629		
DEMAND	0	23	45	30	166	173	635		
DEMAND	0	23	46	0	164	169	600		
DEMAND	0	23	46	30	177	165	637		
DEMAND	0	23	47	0	181	179	618		
DEMAND	0	23	47	30	174	164	609		
DEMAND	0	23	48	0	162	183	603		
DEMAND	0	23	48	30	185	181	627		
DEMAND	0	23	49	0	172	176	640		
DEMAND	0	23	49	30	170	176	619		
DEMAND	0	23	50	0	175	173	611		
DEMAND	0	23	50	30	187	177	617		
DEMAND	0	23	51	0	169	182	617		
DEMAND	0	23	51	30	182	193	598		
DEMAND	0	23	52	0	171	178	622		
DEMAND	0	23	52	30	186	200	623		
DEMAND	0	23	53	0	182	199	628		
DEMAND	0	23	53	30	159	194	595		
DEMAND	0	23	54	0	180	203	595		
DEMAND	0	23	54	30	176	192	590		
DEMAND	0	23	55	0	174	207	627		
DEMAND	0	23	55	30	163	208	598		
DEMAND	0	23	56	0	171	217	618		
DEMAND	0	23	56	30	173	208	597		
DEMAND	0	23	57	0	164	221	617		
DEMAND	0	23	57	30	179	218	620		
DEMAND	0	23	58	0	163	226	582		
DEMAND	0	23	58	30	159	242	578		
DEMAND	0	23	59	0	164	245	599		
DEMAND	0	23	59	30	172	232	621		
